# array_size time
1 3722
2 2687
3 2787
4 2993
5 2651
6 2887
7 2888
8 2685
9 3204
10 3136
11 2819
12 3907
13 2628
14 2815
15 2829
16 3101
17 3004
18 3092
19 3877
20 3145
21 2955
22 4431
23 3314
24 2759
25 3420
26 3558
27 3829
28 3878
29 3631
30 3076
31 3577
32 3522
33 3420
34 3566
35 3406
36 2861
37 3500
38 3892
39 3458
40 2819
41 3356
42 3856
43 3746
44 2933
45 3701
46 4644
47 3418
48 2971
49 3519
50 4614
51 4299
52 3893
53 3639
54 3604
55 4059
56 5078
57 3656
58 4281
59 3953
60 3208
61 2969
62 3619
63 2987
64 3908
65 3374
66 3504
67 3862
68 3411
69 3509
70 3487
71 3322
72 3956
73 2529
74 4496
75 2703
76 2979
77 3204
78 3611
79 3064
80 2748
81 2960
82 3000
83 2921
84 3107
85 3690
86 3423
87 3634
88 2727
89 4001
90 3312
91 3871
92 3423
93 4079
94 4523
95 3433
96 4463
97 2631
98 4636
99 4323
100 4296
101 4846
102 3912
103 4085
104 3187
105 3816
106 3743
107 3141
108 4211
109 3558
110 4264
111 3841
112 3919
113 3634
114 2920
115 3227
116 3891
117 4335
118 4304
119 3118
120 3305
121 3160
122 3673
123 3165
124 4065
125 4042
126 3945
127 2945
128 3230
129 3808
130 3449
131 3157
132 3453
133 3773
134 4036
135 3488
136 4410
137 4295
138 4155
139 3560
140 3792
141 3998
142 3127
143 3048
144 3740
145 3409
146 2693
147 3425
148 4007
149 3538
150 4042
151 3248
152 3510
153 3978
154 3561
155 3322
156 3909
157 3534
158 2902
159 3585
160 3743
161 4099
162 3872
163 3842
164 3461
165 4700
166 4810
167 3546
168 2744
169 3490
170 4000
171 4528
172 3967
173 4412
174 3875
175 3572
176 4339
177 4325
178 4144
179 2925
180 3138
181 2937
182 24125
183 4555
184 3853
185 5372
186 4642
187 3723
188 3066
189 3635
190 4355
191 5368
192 3511
193 4546
194 4640
195 3452
196 4093
197 3372
198 2806
199 3125
200 3584
201 3068
202 4633
203 4096
204 3325
205 4023
206 4969
207 4971
208 3194
209 4640
210 3081
211 5313
212 4047
213 3099
214 3870
215 4517
216 5448
217 3256
218 3216
219 3427
220 4074
221 3910
222 3521
223 3865
224 3635
225 3006
226 3977
227 3535
228 3733
229 3610
230 3159
231 4041
232 4874
233 4345
234 3739
235 3751
236 4732
237 3914
238 3772
239 3620
240 4107
241 5206
242 4927
243 5294
244 3309
245 3380
246 3138
247 4124
248 4319
249 4411
250 3632
251 3736
252 3470
253 4906
254 4271
255 4357
256 3923
257 4088
258 4802
259 4819
260 4654
261 3821
262 4109
263 3421
264 4076
265 3796
266 3656
267 4882
268 5261
269 3523
270 3159
271 2405
272 3908
273 3723
274 3897
275 3255
276 4638
277 3205
278 6091
279 3314
280 3968
281 3712
282 4045
283 3704
284 3348
285 2902
286 5085
287 3081
288 3287
289 4496
290 3802
291 2649
292 2844
293 3262
294 4338
295 3726
296 4922
297 4947
298 3731
299 3155
300 3568
301 4229
302 3880
303 3593
304 4731
305 4899
306 4458
307 3362
308 2596
309 3120
310 5057
311 3917
312 4897
313 4339
314 3231
315 4072
316 3678
317 4881
318 4689
319 4392
320 3529
321 3950
322 3433
323 2919
324 3997
325 5683
326 4140
327 4003
328 3863
329 3198
330 2928
331 3579
332 2658
333 4676
334 3880
335 4630
336 3100
337 2995
338 4257
339 3943
340 3112
341 3564
342 4716
343 3906
344 3488
345 4396
346 3536
347 4909
348 5198
349 4518
350 3935
351 4018
352 4170
353 3495
354 3521
355 4647
356 2871
357 4310
358 4747
359 3579
360 3940
361 3333
362 4790
363 3979
364 3600
365 3384
366 4725
367 4875
368 3179
369 4954
370 4257
371 3933
372 4352
373 4055
374 3494
375 3781
376 3942
377 5046
378 3757
379 4635
380 4177
381 4142
382 3987
383 4899
384 5596
385 4196
386 3271
387 4347
388 4398
389 4262
390 4470
391 3232
392 3634
393 4281
394 4486
395 3822
396 4194
397 4334
398 3924
399 3976
400 4307
401 4716
402 4563
403 3821
404 4358
405 3978
406 3248
407 2757
408 3168
409 3772
410 4329
411 3411
412 5116
413 4899
414 2461
415 4247
416 3524
417 3809
418 4070
419 4658
420 4362
421 3810
422 3721
423 4497
424 3061
425 4090
426 3469
427 4289
428 4323
429 3419
430 4025
431 5421
432 4801
433 2326
434 3593
435 4271
436 2959
437 3752
438 4657
439 4175
440 4776
441 3563
442 4247
443 5298
444 3453
445 4447
446 4547
447 4277
448 4866
449 4719
450 4795
451 3634
452 3876
453 3775
454 3932
455 4471
456 4324
457 3916
458 3047
459 3874
460 3165
461 3816
462 3829
463 3831
464 3751
465 4177
466 3413
467 3982
468 3827
469 3980
470 3620
471 4949
472 5101
473 3434
474 4116
475 4384
476 3809
477 3111
478 4273
479 3796
480 4098
481 3608
482 8440
483 3602
484 4580
485 4536
486 3345
487 3400
488 3875
489 4580
490 3911
491 3035
492 2834
493 3458
494 3003
495 4023
496 4859
497 4744
498 5086
499 4075
500 4220
501 3583
502 3999
503 4350
504 4240
505 4192
506 4342
507 4115
508 4379
509 3506
510 3018
511 3810
512 3709
513 3533
514 5258
515 4150
516 3862
517 4083
518 2902
519 4377
520 2988
521 4211
522 3943
523 4533
524 3846
525 3684
526 3148
527 5787
528 4666
529 4377
530 4511
531 4415
532 4423
533 4533
534 4545
535 4558
536 5663
537 4868
538 5099
539 4243
540 3876
541 4061
542 6040
543 4121
544 3814
545 3090
546 3388
547 3711
548 4385
549 5017
550 4142
551 3512
552 4072
553 5013
554 3229
555 4712
556 3963
557 3620
558 3814
559 2901
560 4641
561 4723
562 2304
563 3833
564 4555
565 4519
566 4573
567 3924
568 6205
569 3680
570 3758
571 4739
572 4372
573 5188
574 2775
575 4383
576 4614
577 4570
578 5109
579 3744
580 4514
581 4120
582 4199
583 4129
584 3732
585 4279
586 4837
587 4870
588 4355
589 4564
590 2167
591 3453
592 3702
593 4457
594 4034
595 3831
596 4804
597 3918
598 3770
599 4012
600 4505
601 5514
602 4463
603 4348
604 4218
605 7720
606 4532
607 4859
608 3797
609 3841
610 3766
611 3681
612 4438
613 4094
614 3652
615 4157
616 3719
617 4043
618 3556
619 4265
620 5234
621 4919
622 4782
623 4442
624 4237
625 3551
626 4605
627 5436
628 4123
629 3757
630 3403
631 3057
632 4464
633 4320
634 4388
635 4761
636 3731
637 3183
638 4596
639 5181
640 3733
641 5388
642 4816
643 4011
644 3208
645 4134
646 2978
647 3836
648 3086
649 3893
650 3774
651 5397
652 2953
653 5067
654 5248
655 6239
656 4147
657 4719
658 4177
659 4967
660 5503
661 4574
662 4136
663 4551
664 4736
665 4592
666 4823
667 3623
668 3719
669 3681
670 5607
671 4795
672 3074
673 4365
674 4194
675 3619
676 3837
677 4390
678 3849
679 3776
680 3725
681 4433
682 4685
683 3009
684 4484
685 4006
686 4677
687 3318
688 2738
689 4128
690 4275
691 4152
692 4349
693 5759
694 3597
695 4560
696 4221
697 3821
698 5102
699 2501
700 4408
701 3209
702 2904
703 4740
704 4686
705 5034
706 4409
707 3515
708 4439
709 4520
710 5019
711 3293
712 4442
713 5611
714 3285
715 4830
716 4180
717 4363
718 4544
719 3643
720 4993
721 5454
722 3385
723 5036
724 4379
725 3846
726 4828
727 4783
728 3775
729 4093
730 2834
731 3936
732 12743
733 4534
734 3652
735 5318
736 3494
737 3683
738 5025
739 4015
740 6254
741 4937
742 3495
743 4359
744 3186
745 4510
746 4029
747 4249
748 5036
749 3552
750 2672
751 4660
752 4593
753 4108
754 4873
755 4463
756 4416
757 4432
758 3361
759 5409
760 3387
761 4223
762 3154
763 5176
764 4986
765 4191
766 4468
767 4594
768 4995
769 4527
770 3882
771 5124
772 4288
773 4374
774 3848
775 3661
776 3490
777 4491
778 4314
779 4693
780 5050
781 5900
782 5304
783 4305
784 3873
785 3332
786 3722
787 4420
788 4825
789 2625
790 44273
791 5332
792 3653
793 4600
794 3842
795 3731
796 4995
797 3313
798 3054
799 5831
800 3980
801 3440
802 5431
803 3759
804 43335
805 3389
806 3542
807 4278
808 4408
809 3891
810 3774
811 3904
812 2862
813 4810
814 5011
815 6402
816 3817
817 2714
818 3746
819 5059
820 4740
821 3068
822 4626
823 5416
824 5122
825 4571
826 5161
827 2298
828 3813
829 4975
830 4369
831 4426
832 4956
833 4973
834 3531
835 4013
836 5438
837 4794
838 3831
839 4747
840 3764
841 5159
842 4582
843 4542
844 5236
845 51838
846 5488
847 4435
848 4877
849 4251
850 3454
851 4249
852 3392
853 5412
854 3960
855 4413
856 4357
857 4923
858 4540
859 4781
860 4352
861 5216
862 4020
863 3507
864 4213
865 18761
866 4701
867 4797
868 4404
869 4129
870 4399
871 6636
872 10077
873 3432
874 7147
875 4608
876 4057
877 4115
878 4739
879 3872
880 3752
881 6159
882 3054
883 4168
884 3706
885 4236
886 5646
887 4428
888 3632
889 3949
890 4072
891 5877
892 5252
893 3825
894 5583
895 5643
896 4178
897 4950
898 3922
899 4696
900 3365
901 3595
902 4276
903 3223
904 3607
905 4604
906 4294
907 3703
908 4530
909 4691
910 4849
911 4238
912 4902
913 5395
914 4578
915 4732
916 3620
917 4915
918 3939
919 3069
920 3793
921 3472
922 4079
923 4555
924 4114
925 4692
926 4249
927 4710
928 4725
929 5027
930 3880
931 3506
932 4803
933 5280
934 4168
935 19505
936 3825
937 3084
938 2018
939 3862
940 4024
941 5866
942 5852
943 3071
944 5670
945 4816
946 5714
947 4158
948 3551
949 5423
950 4448
951 3247
952 5448
953 5280
954 4428
955 6561
956 4169
957 5801
958 5350
959 5413
960 4955
961 3297
962 5234
963 3646
964 3825
965 4869
966 4499
967 3429
968 4151
969 3807
970 4937
971 5356
972 5300
973 4240
974 26843
975 4781
976 2734
977 4416
978 4130
979 4186
980 3622
981 3676
982 4770
983 3180
984 3929
985 3548
986 4346
987 4975
988 3476
989 5453
990 3539
991 4005
992 4812
993 5191
994 3625
995 4521
996 4641
997 6516
998 4425
999 5430
1000 3207
1001 5778
1002 5801
1003 5940
1004 4531
1005 4691
1006 5160
1007 4773
1008 3371
1009 4017
1010 4044
1011 4565
1012 4704
1013 3824
1014 4025
1015 5706
1016 4958
1017 3538
1018 4701
1019 5188
1020 4241
1021 3577
1022 4240
1023 4935
1024 5226
1025 5142
1026 5102
1027 4820
1028 5182
1029 4461
1030 4638
1031 4528
1032 3793
1033 4870
1034 4739
1035 4669
1036 3816
1037 6260
1038 3892
1039 3013
1040 6262
1041 4714
1042 4901
1043 4412
1044 3838
1045 5507
1046 4718
1047 4439
1048 5648
1049 4482
1050 4066
1051 5404
1052 4124
1053 3917
1054 5087
1055 4692
1056 5817
1057 4643
1058 4733
1059 4661
1060 4428
1061 4964
1062 5081
1063 3526
1064 4209
1065 4308
1066 5069
1067 3440
1068 4978
1069 4286
1070 3740
1071 5139
1072 3679
1073 3870
1074 3726
1075 4876
1076 4737
1077 4270
1078 4575
1079 4736
1080 6586
1081 4419
1082 4711
1083 5667
1084 4940
1085 4528
1086 3545
1087 3634
1088 4122
1089 5373
1090 5024
1091 2727
1092 4864
1093 4389
1094 4571
1095 3616
1096 3415
1097 5568
1098 3754
1099 5086
1100 4520
1101 5165
1102 5800
1103 4812
1104 4828
1105 3489
1106 4127
1107 4436
1108 5730
1109 4069
1110 4418
1111 4234
1112 5284
1113 5292
1114 5403
1115 4792
1116 4708
1117 4297
1118 3576
1119 3612
1120 4112
1121 4108
1122 4493
1123 4481
1124 5455
1125 5150
1126 4491
1127 1900
1128 4066
1129 4253
1130 3709
1131 4831
1132 5379
1133 5702
1134 5586
1135 3241
1136 4824
1137 3567
1138 5974
1139 5198
1140 3845
1141 3442
1142 5420
1143 4623
1144 4354
1145 4333
1146 5584
1147 5533
1148 4627
1149 4892
1150 4810
1151 5455
1152 4123
1153 5122
1154 5394
1155 3238
1156 4921
1157 3557
1158 4003
1159 4099
1160 4056
1161 3774
1162 5068
1163 4550
1164 6380
1165 5010
1166 3536
1167 4830
1168 3400
1169 4789
1170 5030
1171 4063
1172 5464
1173 5443
1174 4077
1175 4060
1176 4162
1177 4657
1178 4451
1179 4916
1180 4400
1181 3929
1182 3571
1183 4873
1184 6512
1185 3984
1186 3741
1187 5200
1188 4716
1189 3972
1190 4430
1191 4501
1192 4844
1193 5061
1194 6327
1195 4726
1196 4881
1197 4100
1198 4645
1199 4236
1200 4260
1201 3455
1202 4448
1203 5136
1204 2758
1205 3325
1206 4473
1207 3381
1208 3233
1209 3419
1210 4605
1211 4202
1212 3572
1213 3431
1214 4019
1215 4185
1216 6085
1217 4441
1218 4091
1219 4933
1220 5208
1221 5389
1222 3815
1223 2840
1224 4930
1225 5665
1226 3212
1227 2835
1228 5412
1229 4941
1230 4007
1231 37465
1232 6186
1233 4788
1234 4389
1235 3567
1236 3514
1237 4940
1238 1527
1239 5035
1240 3389
1241 3857
1242 18137
1243 4331
1244 5086
1245 4630
1246 3066
1247 37201
1248 4489
1249 3942
1250 4505
1251 4868
1252 4802
1253 5015
1254 4379
1255 3254
1256 4249
1257 4787
1258 3389
1259 4817
1260 4208
1261 5492
1262 2260
1263 4241
1264 4651
1265 4464
1266 4057
1267 4450
1268 4408
1269 4695
1270 4377
1271 6080
1272 4210
1273 5199
1274 5199
1275 3759
1276 4909
1277 4470
1278 4251
1279 4493
1280 5539
1281 5000
1282 4166
1283 6192
1284 3390
1285 2841
1286 5480
1287 4331
1288 3998
1289 4864
1290 4802
1291 5544
1292 3910
1293 4219
1294 4840
1295 4575
1296 3205
1297 4131
1298 3555
1299 4289
1300 5002
1301 4373
1302 6212
1303 3976
1304 4545
1305 4723
1306 4469
1307 4161
1308 5254
1309 4222
1310 4662
1311 4347
1312 3706
1313 4326
1314 4583
1315 5122
1316 2922
1317 5051
1318 4449
1319 4365
1320 6113
1321 2693
1322 6176
1323 4595
1324 6403
1325 6520
1326 4319
1327 3705
1328 2952
1329 4795
1330 5048
1331 5033
1332 3681
1333 3024
1334 3200
1335 5491
1336 5574
1337 6130
1338 3360
1339 5852
1340 4277
1341 6151
1342 4928
1343 4165
1344 5199
1345 3833
1346 5226
1347 4049
1348 3590
1349 3592
1350 3728
1351 4203
1352 4205
1353 2645
1354 3438
1355 4448
1356 3357
1357 6006
1358 4511
1359 4560
1360 4501
1361 4076
1362 5972
1363 3272
1364 4542
1365 4482
1366 4202
1367 5857
1368 5793
1369 3905
1370 6352
1371 5108
1372 5092
1373 3658
1374 4608
1375 3576
1376 4872
1377 4556
1378 5642
1379 4489
1380 4425
1381 5646
1382 5046
1383 4408
1384 5668
1385 5074
1386 4764
1387 3444
1388 5228
1389 4217
1390 4886
1391 5374
1392 5746
1393 4904
1394 5168
1395 5057
1396 3307
1397 4665
1398 5613
1399 3876
1400 4728
1401 4333
1402 2573
1403 3776
1404 4982
1405 4692
1406 4665
1407 4804
1408 5702
1409 3788
1410 4656
1411 4232
1412 6181
1413 4864
1414 2494
1415 4427
1416 4657
1417 4908
1418 4789
1419 4001
1420 3491
1421 4422
1422 3883
1423 5095
1424 4560
1425 4933
1426 5606
1427 4693
1428 5451
1429 4652
1430 4650
1431 4317
1432 3710
1433 5068
1434 5491
1435 4651
1436 5979
1437 4087
1438 4578
1439 5240
1440 5057
1441 5104
1442 2731
1443 3650
1444 5681
1445 5226
1446 5444
1447 4108
1448 4753
1449 5764
1450 5811
1451 4411
1452 3697
1453 5914
1454 4391
1455 3265
1456 4478
1457 3780
1458 4334
1459 5260
1460 4643
1461 3629
1462 3966
1463 4700
1464 5203
1465 4225
1466 4883
1467 3133
1468 3159
1469 4004
1470 5760
1471 3944
1472 5221
1473 4980
1474 5593
1475 2747
1476 4955
1477 5050
1478 5977
1479 5646
1480 2649
1481 5543
1482 4337
1483 4129
1484 5354
1485 3882
1486 5138
1487 4240
1488 4511
1489 6551
1490 4365
1491 4732
1492 4660
1493 3958
1494 3317
1495 5344
1496 4507
1497 3961
1498 3804
1499 4760
1500 5575
1501 4073
1502 4625
1503 2077
1504 4781
1505 5088
1506 4422
1507 3913
1508 3095
1509 4255
1510 4657
1511 4458
1512 4967
1513 5110
1514 5932
1515 6175
1516 2826
1517 5060
1518 3713
1519 4765
1520 5477
1521 3904
1522 4568
1523 4992
1524 4821
1525 5250
1526 5921
1527 5390
1528 3900
1529 6007
1530 5940
1531 5173
1532 4148
1533 6417
1534 5297
1535 4436
1536 5404
1537 3304
1538 2076
1539 4850
1540 3343
1541 5057
1542 4583
1543 4095
1544 3861
1545 4482
1546 4839
1547 5123
1548 4568
1549 4081
1550 4371
1551 4058
1552 3244
1553 3185
1554 4785
1555 4825
1556 4980
1557 5924
1558 4627
1559 5999
1560 4288
1561 5524
1562 3532
1563 4836
1564 4994
1565 6613
1566 4028
1567 4235
1568 6253
1569 3683
1570 6252
1571 5157
1572 6848
1573 3740
1574 4571
1575 4732
1576 3787
1577 4388
1578 3960
1579 4081
1580 3565
1581 4709
1582 5085
1583 3846
1584 4914
1585 3727
1586 2518
1587 5245
1588 3715
1589 4295
1590 5625
1591 3087
1592 4283
1593 5358
1594 4322
1595 3446
1596 4088
1597 4087
1598 4561
1599 5621
1600 5890
1601 5380
1602 4598
1603 5050
1604 4345
1605 6997
1606 2870
1607 4663
1608 3788
1609 3883
1610 4575
1611 4652
1612 3576
1613 5271
1614 4442
1615 2693
1616 3913
1617 3854
1618 5861
1619 4261
1620 3800
1621 4478
1622 3169
1623 4147
1624 6219
1625 6378
1626 4793
1627 5113
1628 2910
1629 4549
1630 4855
1631 4469
1632 4488
1633 5620
1634 4275
1635 4866
1636 4595
1637 6828
1638 4778
1639 4383
1640 4512
1641 4507
1642 3645
1643 5642
1644 2687
1645 5071
1646 3978
1647 4208
1648 4753
1649 4483
1650 4358
1651 4714
1652 6825
1653 4098
1654 5158
1655 4656
1656 4667
1657 4176
1658 4743
1659 4233
1660 4699
1661 4080
1662 4298
1663 7471
1664 4044
1665 5395
1666 4324
1667 4793
1668 4438
1669 6173
1670 5600
1671 3169
1672 3956
1673 4579
1674 4444
1675 6666
1676 5622
1677 3936
1678 5186
1679 4104
1680 5375
1681 4197
1682 4679
1683 4270
1684 4085
1685 6065
1686 5012
1687 2950
1688 5104
1689 4789
1690 5242
1691 5955
1692 5699
1693 4145
1694 5114
1695 3326
1696 4162
1697 4788
1698 5503
1699 2766
1700 3993
1701 4444
1702 4637
1703 3850
1704 5164
1705 5286
1706 6307
1707 3442
1708 5437
1709 4796
1710 4184
1711 3932
1712 4247
1713 10196
1714 5607
1715 3199
1716 4398
1717 4712
1718 3942
1719 5302
1720 5592
1721 3262
1722 5426
1723 5171
1724 5369
1725 3644
1726 5122
1727 6365
1728 4123
1729 5429
1730 4364
1731 4471
1732 4360
1733 4213
1734 3277
1735 5215
1736 4568
1737 5647
1738 5074
1739 5710
1740 5077
1741 4005
1742 4637
1743 3186
1744 3822
1745 4112
1746 4922
1747 4174
1748 5123
1749 4576
1750 5791
1751 5215
1752 4638
1753 6352
1754 3992
1755 6059
1756 3903
1757 3743
1758 4761
1759 4104
1760 4159
1761 3991
1762 3920
1763 4480
1764 5869
1765 4176
1766 3373
1767 3647
1768 5595
1769 5468
1770 4714
1771 3988
1772 5558
1773 4376
1774 5141
1775 5418
1776 4522
1777 4216
1778 3652
1779 3466
1780 2692
1781 3669
1782 3124
1783 4278
1784 3529
1785 4640
1786 4734
1787 4637
1788 3981
1789 3895
1790 3889
1791 5681
1792 4242
1793 4167
1794 5818
1795 5238
1796 4763
1797 4410
1798 3384
1799 4546
1800 4838
1801 4174
1802 4831
1803 3647
1804 4554
1805 5419
1806 5579
1807 4273
1808 4654
1809 5092
1810 4600
1811 4880
1812 5205
1813 5526
1814 2788
1815 3650
1816 4449
1817 5135
1818 5217
1819 3649
1820 5581
1821 5387
1822 4595
1823 3766
1824 3647
1825 4584
1826 4257
1827 3601
1828 4372
1829 4829
1830 5481
1831 3587
1832 4104
1833 4489
1834 4655
1835 3508
1836 4352
1837 5106
1838 3840
1839 3982
1840 4086
1841 4352
1842 4071
1843 2924
1844 4788
1845 5311
1846 4960
1847 4072
1848 5314
1849 4184
1850 6024
1851 5451
1852 3881
1853 4277
1854 5132
1855 3179
1856 4384
1857 2164
1858 4942
1859 4713
1860 5509
1861 5597
1862 4058
1863 6179
1864 3965
1865 4475
1866 4055
1867 5746
1868 6103
1869 4429
1870 4056
1871 5701
1872 4029
1873 4119
1874 5057
1875 5072
1876 4894
1877 4018
1878 5699
1879 5434
1880 4834
1881 6512
1882 4971
1883 3278
1884 5416
1885 4500
1886 3149
1887 5519
1888 4776
1889 5237
1890 4964
1891 3644
1892 3920
1893 4344
1894 5417
1895 4496
1896 3286
1897 4672
1898 3384
1899 3348
1900 5744
1901 4842
1902 4314
1903 3958
1904 4107
1905 4971
1906 6863
1907 5138
1908 3934
1909 4799
1910 5364
1911 5051
1912 4425
1913 4669
1914 3593
1915 4462
1916 3978
1917 4748
1918 4399
1919 4970
1920 2947
1921 4554
1922 7443
1923 3579
1924 3489
1925 4644
1926 4963
1927 26858
1928 5292
1929 3998
1930 4788
1931 5200
1932 5176
1933 4194
1934 3844
1935 4110
1936 3872
1937 4915
1938 5375
1939 4693
1940 4601
1941 6853
1942 5262
1943 4326
1944 4995
1945 3415
1946 6621
1947 5650
1948 5677
1949 5033
1950 4783
1951 5554
1952 3991
1953 4012
1954 4750
1955 4184
1956 4214
1957 3683
1958 5105
1959 4556
1960 4813
1961 4713
1962 4860
1963 4594
1964 4962
1965 4983
1966 4336
1967 4455
1968 5663
1969 2970
1970 4446
1971 4965
1972 3673
1973 4018
1974 3352
1975 4375
1976 3524
1977 2872
1978 4764
1979 4899
1980 3445
1981 4320
1982 3570
1983 4678
1984 3596
1985 3216
1986 3911
1987 5261
1988 6144
1989 3946
1990 5796
1991 5929
1992 4673
1993 4608
1994 5199
1995 4251
1996 3661
1997 3797
1998 4808
1999 5677
2000 5956
2001 4844
2002 5135
2003 6080
2004 7548
2005 4229
2006 3562
2007 5738
2008 4365
2009 5415
2010 4342
2011 5362
2012 4402
2013 5873
2014 5283
2015 2482
2016 4805
2017 4461
2018 5751
2019 4416
2020 6851
2021 4958
2022 3970
2023 5207
2024 5642
2025 4920
2026 4603
2027 5312
2028 4065
2029 4199
2030 3958
2031 4436
2032 3996
2033 5407
2034 5134
2035 4776
2036 3557
2037 4098
2038 6362
2039 4752
2040 4655
2041 4728
2042 3425
2043 5302
2044 4314
2045 2754
2046 4582
2047 4142
2048 5906
2049 3076
2050 3985
2051 3842
2052 3741
2053 4018
2054 4094
2055 4670
2056 4345
2057 4093
2058 3997
2059 4142
2060 5159
2061 5350
2062 5807
2063 6083
2064 4951
2065 3691
2066 5027
2067 2727
2068 5066
2069 5493
2070 5238
2071 4592
2072 5378
2073 4728
2074 4860
2075 3126
2076 4438
2077 4547
2078 3998
2079 4516
2080 5825
2081 3949
2082 3246
2083 4688
2084 4654
2085 5193
2086 7825
2087 4277
2088 6636
2089 3305
2090 4880
2091 4915
2092 3451
2093 4337
2094 5959
2095 4777
2096 5343
2097 5268
2098 4488
2099 5725
2100 5495
2101 5146
2102 5408
2103 3621
2104 5199
2105 12017
2106 4190
2107 4157
2108 6083
2109 4555
2110 2838
2111 5218
2112 4538
2113 6340
2114 5282
2115 3929
2116 4049
2117 6770
2118 5353
2119 4922
2120 6203
2121 4438
2122 4178
2123 3709
2124 5285
2125 5010
2126 4723
2127 5527
2128 6021
2129 5244
2130 4024
2131 2893
2132 4424
2133 4768
2134 6199
2135 4360
2136 4329
2137 4252
2138 5019
2139 4357
2140 3572
2141 4374
2142 4057
2143 3349
2144 4177
2145 4990
2146 4170
2147 4133
2148 4994
2149 4878
2150 5416
2151 3779
2152 4371
2153 3876
2154 4804
2155 3396
2156 3535
2157 5886
2158 2786
2159 4889
2160 5442
2161 4288
2162 3028
2163 4316
2164 5755
2165 4860
2166 5541
2167 5316
2168 3832
2169 5818
2170 4973
2171 5010
2172 4264
2173 4451
2174 5072
2175 4288
2176 4925
2177 5593
2178 4749
2179 4779
2180 4044
2181 6094
2182 4344
2183 5852
2184 5080
2185 4464
2186 3888
2187 4730
2188 4796
2189 4610
2190 5154
2191 5844
2192 4474
2193 3601
2194 5837
2195 4724
2196 3237
2197 4528
2198 5667
2199 4655
2200 4864
2201 4110
2202 5380
2203 5017
2204 5437
2205 4005
2206 4812
2207 4720
2208 6020
2209 6208
2210 4789
2211 4490
2212 4957
2213 4344
2214 2088
2215 5339
2216 4318
2217 4593
2218 4583
2219 3668
2220 3728
2221 4793
2222 5375
2223 5830
2224 6841
2225 3375
2226 4669
2227 4586
2228 4165
2229 5814
2230 2928
2231 4779
2232 4783
2233 5297
2234 5884
2235 3291
2236 5180
2237 4150
2238 3842
2239 3681
2240 4510
2241 5704
2242 5107
2243 3250
2244 4542
2245 4899
2246 6434
2247 4260
2248 3384
2249 4589
2250 3865
2251 4537
2252 4575
2253 3633
2254 5601
2255 4460
2256 4527
2257 5737
2258 3692
2259 5480
2260 3543
2261 4512
2262 2580
2263 4555
2264 4211
2265 5451
2266 6334
2267 5099
2268 4309
2269 4953
2270 6527
2271 4018
2272 5649
2273 5247
2274 4547
2275 4793
2276 6417
2277 5764
2278 4820
2279 4704
2280 4825
2281 5106
2282 4435
2283 4937
2284 4064
2285 5035
2286 5237
2287 5203
2288 3833
2289 3535
2290 5576
2291 5669
2292 5076
2293 4617
2294 3868
2295 4802
2296 3707
2297 4785
2298 3662
2299 5944
2300 6193
2301 5176
2302 5375
2303 4437
2304 6043
2305 6232
2306 4098
2307 4961
2308 5048
2309 6071
2310 4069
2311 5045
2312 4320
2313 5988
2314 5426
2315 4336
2316 4438
2317 6839
2318 4162
2319 5247
2320 4171
2321 5672
2322 5046
2323 4387
2324 3599
2325 3606
2326 4224
2327 4143
2328 5176
2329 4886
2330 4672
2331 4615
2332 5176
2333 3852
2334 4027
2335 4626
2336 4922
2337 4536
2338 4661
2339 5476
2340 4038
2341 3271
2342 5052
2343 4780
2344 4269
2345 3206
2346 5278
2347 2823
2348 3995
2349 4673
2350 5380
2351 3555
2352 5602
2353 5750
2354 3514
2355 4259
2356 5341
2357 4956
2358 4993
2359 3676
2360 2027
2361 5537
2362 4940
2363 4790
2364 4716
2365 5200
2366 3935
2367 3653
2368 4428
2369 4553
2370 4334
2371 5613
2372 5209
2373 4625
2374 4501
2375 4931
2376 5790
2377 5774
2378 4910
2379 4415
2380 5990
2381 5703
2382 4630
2383 4493
2384 5030
2385 6477
2386 5240
2387 4610
2388 3750
2389 4966
2390 4040
2391 4266
2392 4804
2393 3922
2394 4667
2395 5879
2396 4516
2397 3015
2398 3060
2399 3184
2400 4550
2401 6339
2402 5794
2403 4966
2404 4823
2405 4889
2406 4229
2407 3278
2408 4214
2409 5628
2410 5356
2411 6523
2412 2935
2413 3571
2414 2679
2415 4446
2416 4194
2417 6710
2418 3955
2419 5675
2420 5774
2421 4099
2422 6112
2423 6223
2424 5320
2425 4055
2426 4844
2427 5137
2428 5484
2429 3590
2430 3730
2431 4862
2432 5285
2433 2274
2434 2778
2435 5173
2436 3483
2437 3594
2438 5473
2439 4718
2440 6343
2441 5373
2442 4882
2443 3420
2444 3634
2445 4374
2446 4953
2447 4077
2448 5621
2449 6842
2450 4665
2451 3497
2452 3856
2453 3274
2454 4515
2455 4965
2456 4882
2457 4798
2458 5815
2459 4726
2460 4222
2461 5624
2462 4801
2463 5488
2464 3121
2465 4025
2466 4850
2467 4920
2468 4678
2469 4900
2470 5006
2471 4913
2472 3530
2473 4862
2474 5598
2475 4065
2476 6229
2477 4641
2478 3929
2479 5034
2480 4610
2481 4232
2482 4469
2483 4550
2484 4561
2485 5416
2486 3935
2487 4284
2488 5689
2489 3414
2490 5389
2491 4586
2492 5500
2493 5657
2494 4910
2495 4236
2496 4367
2497 4248
2498 5525
2499 5937
2500 4309
2501 5271
2502 4341
2503 4017
2504 3557
2505 5495
2506 6321
2507 4797
2508 4725
2509 5105
2510 4662
2511 5165
2512 5654
2513 5646
2514 3854
2515 5237
2516 3664
2517 5782
2518 5627
2519 5600
2520 5431
2521 5918
2522 5087
2523 3882
2524 5093
2525 4278
2526 4912
2527 3885
2528 4764
2529 6003
2530 5516
2531 3263
2532 5239
2533 3300
2534 4578
2535 6120
2536 5092
2537 4454
2538 5750
2539 3149
2540 5477
2541 6162
2542 5161
2543 4361
2544 5609
2545 3993
2546 3173
2547 5334
2548 4927
2549 5196
2550 5543
2551 4951
2552 4757
2553 6803
2554 4185
2555 4810
2556 4463
2557 6806
2558 4723
2559 3556
2560 4793
2561 4380
2562 3467
2563 4644
2564 4415
2565 3175
2566 3129
2567 5660
2568 4938
2569 4830
2570 5404
2571 5172
2572 5806
2573 4268
2574 4312
2575 4567
2576 4171
2577 5375
2578 5360
2579 5705
2580 4647
2581 5070
2582 6159
2583 3425
2584 4538
2585 5136
2586 4804
2587 2704
2588 3742
2589 5853
2590 4290
2591 4318
2592 5110
2593 2698
2594 5469
2595 4651
2596 4744
2597 4968
2598 5505
2599 4240
2600 5073
2601 3926
2602 5739
2603 5904
2604 4177
2605 5420
2606 5393
2607 5859
2608 5674
2609 4152
2610 5493
2611 3709
2612 5007
2613 3953
2614 5259
2615 3924
2616 4157
2617 5413
2618 4815
2619 3936
2620 3873
2621 6075
2622 5393
2623 4192
2624 7035
2625 5899
2626 4903
2627 4949
2628 4200
2629 4321
2630 5982
2631 4436
2632 6614
2633 4564
2634 4850
2635 3789
2636 5116
2637 4801
2638 3858
2639 3997
2640 6130
2641 3324
2642 5158
2643 5405
2644 3960
2645 4918
2646 4798
2647 4780
2648 5030
2649 5210
2650 5482
2651 3711
2652 4035
2653 4009
2654 4111
2655 4196
2656 4925
2657 4802
2658 6066
2659 6075
2660 4629
2661 5135
2662 3821
2663 5951
2664 6334
2665 3783
2666 5193
2667 3894
2668 5902
2669 7094
2670 4771
2671 2673
2672 4395
2673 4563
2674 4307
2675 4264
2676 4546
2677 5452
2678 4704
2679 3935
2680 4696
2681 4454
2682 5667
2683 6094
2684 3478
2685 5166
2686 4749
2687 6178
2688 5019
2689 5277
2690 5992
2691 6678
2692 3065
2693 4984
2694 3627
2695 4088
2696 4641
2697 6153
2698 3041
2699 4620
2700 3780
2701 4713
2702 5309
2703 4997
2704 3338
2705 6485
2706 5972
2707 4708
2708 6916
2709 5355
2710 4537
2711 4773
2712 4345
2713 4168
2714 6007
2715 5503
2716 3447
2717 3301
2718 5183
2719 3854
2720 5040
2721 6066
2722 4554
2723 3694
2724 5212
2725 5719
2726 5186
2727 3466
2728 3027
2729 4190
2730 4575
2731 3708
2732 5114
2733 4292
2734 4729
2735 4289
2736 3928
2737 5023
2738 5790
2739 4556
2740 6239
2741 4341
2742 3915
2743 5144
2744 3595
2745 6116
2746 6197
2747 5628
2748 6023
2749 5749
2750 5758
2751 4290
2752 6190
2753 3419
2754 4624
2755 4540
2756 5128
2757 6310
2758 5507
2759 4278
2760 5134
2761 4470
2762 4632
2763 4587
2764 4493
2765 5507
2766 3583
2767 4875
2768 4682
2769 4920
2770 6578
2771 4821
2772 4423
2773 4861
2774 5252
2775 4608
2776 5469
2777 6363
2778 4590
2779 4232
2780 6640
2781 5569
2782 5163
2783 4672
2784 5233
2785 3961
2786 5420
2787 3402
2788 6103
2789 4803
2790 5303
2791 3344
2792 4851
2793 6383
2794 6250
2795 5762
2796 3999
2797 4801
2798 6999
2799 4279
2800 4014
2801 8233
2802 4865
2803 4591
2804 4029
2805 4536
2806 5279
2807 5477
2808 5095
2809 3827
2810 4309
2811 4314
2812 3837
2813 3942
2814 5995
2815 2713
2816 5058
2817 6397
2818 5230
2819 27146
2820 3639
2821 4156
2822 4037
2823 4271
2824 4334
2825 5290
2826 4285
2827 2781
2828 3480
2829 3540
2830 5393
2831 5448
2832 4359
2833 5236
2834 4254
2835 4651
2836 5007
2837 4126
2838 5262
2839 6003
2840 4125
2841 5166
2842 2804
2843 5699
2844 22562
2845 6054
2846 4692
2847 6362
2848 5633
2849 3496
2850 3918
2851 5277
2852 6383
2853 4525
2854 4469
2855 6484
2856 4818
2857 5271
2858 4372
2859 5246
2860 3368
2861 5380
2862 4953
2863 4875
2864 4200
2865 2915
2866 6020
2867 4775
2868 4494
2869 4822
2870 4745
2871 5172
2872 5783
2873 5101
2874 5263
2875 4579
2876 2995
2877 6371
2878 5849
2879 4558
2880 6534
2881 3326
2882 4101
2883 2930
2884 6032
2885 5529
2886 5266
2887 4525
2888 4382
2889 5401
2890 4215
2891 4753
2892 4536
2893 5015
2894 4363
2895 5223
2896 4023
2897 3307
2898 5052
2899 3050
2900 5174
2901 5614
2902 5718
2903 3665
2904 4119
2905 2922
2906 3598
2907 4236
2908 5221
2909 3751
2910 3858
2911 3930
2912 4039
2913 4210
2914 3925
2915 5683
2916 4058
2917 4486
2918 30332
2919 3799
2920 4048
2921 5369
2922 6360
2923 3419
2924 5628
2925 4597
2926 3484
2927 5803
2928 5171
2929 3560
2930 5026
2931 4323
2932 3982
2933 5344
2934 7535
2935 4879
2936 5744
2937 4527
2938 5714
2939 6066
2940 4710
2941 5686
2942 4932
2943 5235
2944 4077
2945 5166
2946 5892
2947 3919
2948 4637
2949 4770
2950 4612
2951 4469
2952 4784
2953 5399
2954 5196
2955 4318
2956 4452
2957 4688
2958 3509
2959 4283
2960 5783
2961 4821
2962 5247
2963 4508
2964 4807
2965 5357
2966 4021
2967 3654
2968 3949
2969 2831
2970 3375
2971 6432
2972 5474
2973 3752
2974 4828
2975 4697
2976 4132
2977 6695
2978 4468
2979 3665
2980 6328
2981 4679
2982 4128
2983 5422
2984 3969
2985 4266
2986 5136
2987 4798
2988 3994
2989 4870
2990 4938
2991 6066
2992 4459
2993 3129
2994 5245
2995 6466
2996 5950
2997 4417
2998 5408
2999 5218
3000 5749
3001 3515
3002 4179
3003 5708
3004 4782
3005 5471
3006 3748
3007 4651
3008 3564
3009 5841
3010 4975
3011 5009
3012 4342
3013 3122
3014 4946
3015 4985
3016 3661
3017 5255
3018 4395
3019 6302
3020 4391
3021 3453
3022 5402
3023 3570
3024 4415
3025 3772
3026 5328
3027 23659
3028 4803
3029 3057
3030 4881
3031 5053
3032 3568
3033 5827
3034 3804
3035 4734
3036 5911
3037 7045
3038 3813
3039 5308
3040 4526
3041 6909
3042 4786
3043 4773
3044 4195
3045 5883
3046 3919
3047 4106
3048 4112
3049 4788
3050 5914
3051 4596
3052 4652
3053 5285
3054 5195
3055 4691
3056 3716
3057 4236
3058 4375
3059 5781
3060 4698
3061 5786
3062 6275
3063 4369
3064 4832
3065 4955
3066 2694
3067 6437
3068 5962
3069 4137
3070 6032
3071 5356
3072 5987
3073 5018
3074 4014
3075 5316
3076 6024
3077 5259
3078 4827
3079 4659
3080 3883
3081 5748
3082 5111
3083 5617
3084 3635
3085 3864
3086 3885
3087 5160
3088 5219
3089 4337
3090 5205
3091 4324
3092 6590
3093 5329
3094 5844
3095 5369
3096 4549
3097 4303
3098 3816
3099 7138
3100 5043
3101 4764
3102 4302
3103 3150
3104 5136
3105 4313
3106 3197
3107 5576
3108 4740
3109 5319
3110 4089
3111 4534
3112 2950
3113 3755
3114 5081
3115 5615
3116 4267
3117 3743
3118 5067
3119 4329
3120 3826
3121 5532
3122 6462
3123 4701
3124 6010
3125 3594
3126 5091
3127 4431
3128 3551
3129 5017
3130 4447
3131 5874
3132 5871
3133 3514
3134 4331
3135 4431
3136 3921
3137 4744
3138 5536
3139 4953
3140 4167
3141 4591
3142 4827
3143 3434
3144 4571
3145 5364
3146 5031
3147 5725
3148 5741
3149 6723
3150 3732
3151 4207
3152 4514
3153 5632
3154 4850
3155 6323
3156 5662
3157 4691
3158 4108
3159 5879
3160 4924
3161 6344
3162 4070
3163 3955
3164 5368
3165 4335
3166 4010
3167 4822
3168 4570
3169 3898
3170 5647
3171 3465
3172 4758
3173 5263
3174 4586
3175 5301
3176 4485
3177 5907
3178 4344
3179 5109
3180 4345
3181 5054
3182 4052
3183 3912
3184 2168
3185 4279
3186 6794
3187 5771
3188 3741
3189 4590
3190 4039
3191 4880
3192 4747
3193 3060
3194 3736
3195 4000
3196 5339
3197 4921
3198 5094
3199 4977
3200 3329
3201 4791
3202 4615
3203 4462
3204 4317
3205 4185
3206 5813
3207 3449
3208 2652
3209 4322
3210 3748
3211 5347
3212 6084
3213 4600
3214 4834
3215 4198
3216 4753
3217 4918
3218 4307
3219 5210
3220 4557
3221 5015
3222 5338
3223 4409
3224 3804
3225 3303
3226 3957
3227 4583
3228 5061
3229 4555
3230 3781
3231 3821
3232 3781
3233 4899
3234 6982
3235 3841
3236 4347
3237 4599
3238 4887
3239 4547
3240 3520
3241 3200
3242 5326
3243 5489
3244 6020
3245 4616
3246 4868
3247 4313
3248 5831
3249 5781
3250 4005
3251 4652
3252 4823
3253 4112
3254 4243
3255 4808
3256 5444
3257 4981
3258 3618
3259 5129
3260 5648
3261 5127
3262 4349
3263 6485
3264 5221
3265 5371
3266 3857
3267 5536
3268 5292
3269 4916
3270 6286
3271 3801
3272 7019
3273 3937
3274 3975
3275 4841
3276 4596
3277 4932
3278 5199
3279 4833
3280 5158
3281 4408
3282 3764
3283 5001
3284 5575
3285 8102
3286 3865
3287 4352
3288 4392
3289 5347
3290 4803
3291 5133
3292 4654
3293 4784
3294 4516
3295 3523
3296 4804
3297 3589
3298 4838
3299 6709
3300 5226
3301 3575
3302 2897
3303 4670
3304 5107
3305 4422
3306 4954
3307 2843
3308 2557
3309 5133
3310 5650
3311 4662
3312 5119
3313 4521
3314 4893
3315 4333
3316 3606
3317 4807
3318 3968
3319 4893
3320 5827
3321 4213
3322 2257
3323 5167
3324 4543
3325 4648
3326 4974
3327 4315
3328 5267
3329 5057
3330 3058
3331 4191
3332 5589
3333 5018
3334 5019
3335 4551
3336 3770
3337 4633
3338 5320
3339 5422
3340 4347
3341 5719
3342 6123
3343 3750
3344 3623
3345 4063
3346 4102
3347 3778
3348 4051
3349 6631
3350 4571
3351 6781
3352 4589
3353 4958
3354 4189
3355 5639
3356 5630
3357 4192
3358 5631
3359 4410
3360 4690
3361 5012
3362 5787
3363 6134
3364 3116
3365 4861
3366 4793
3367 4708
3368 5334
3369 6293
3370 4119
3371 4866
3372 2160
3373 4608
3374 6231
3375 5916
3376 4193
3377 4992
3378 4485
3379 6082
3380 3561
3381 5615
3382 4435
3383 4655
3384 4345
3385 4637
3386 5414
3387 4403
3388 4839
3389 5665
3390 3194
3391 4723
3392 5011
3393 4092
3394 3709
3395 7212
3396 5214
3397 5288
3398 4934
3399 4085
3400 3760
3401 34470
3402 4870
3403 6479
3404 4520
3405 3082
3406 4725
3407 5880
3408 3507
3409 5468
3410 4143
3411 4360
3412 3980
3413 5348
3414 3838
3415 5516
3416 5756
3417 5572
3418 4172
3419 4439
3420 3902
3421 4858
3422 3852
3423 4875
3424 4073
3425 4660
3426 3683
3427 4038
3428 4294
3429 5493
3430 5003
3431 6660
3432 4045
3433 3866
3434 2956
3435 5657
3436 4567
3437 4977
3438 5312
3439 4570
3440 5245
3441 5049
3442 3389
3443 5753
3444 4895
3445 5233
3446 4261
3447 4937
3448 4063
3449 6121
3450 4388
3451 5321
3452 3381
3453 3861
3454 4145
3455 4449
3456 5026
3457 4109
3458 4552
3459 2625
3460 4598
3461 5567
3462 2608
3463 4558
3464 5949
3465 5024
3466 3645
3467 5876
3468 4141
3469 5863
3470 4460
3471 5608
3472 5652
3473 4642
3474 4604
3475 6175
3476 4664
3477 4094
3478 4934
3479 4908
3480 5467
3481 5610
3482 4678
3483 4656
3484 5391
3485 4294
3486 5974
3487 5278
3488 4156
3489 5545
3490 5049
3491 6884
3492 6274
3493 5958
3494 4892
3495 4155
3496 5017
3497 6000
3498 4560
3499 4491
3500 3932
3501 5380
3502 5304
3503 3909
3504 5342
3505 3764
3506 6089
3507 6274
3508 3455
3509 3921
3510 4048
3511 2956
3512 4906
3513 5279
3514 4775
3515 5816
3516 4523
3517 3950
3518 4931
3519 6747
3520 5022
3521 4532
3522 4129
3523 4758
3524 4062
3525 4383
3526 3638
3527 5253
3528 4050
3529 5227
3530 4213
3531 4771
3532 5127
3533 4757
3534 4499
3535 3951
3536 5587
3537 4910
3538 5509
3539 3632
3540 4602
3541 5346
3542 3651
3543 4465
3544 7475
3545 4600
3546 5232
3547 3658
3548 5895
3549 6106
3550 2098
3551 3785
3552 5322
3553 5903
3554 5411
3555 4871
3556 5335
3557 4658
3558 4433
3559 4907
3560 5061
3561 5466
3562 5463
3563 6599
3564 4067
3565 5164
3566 6948
3567 4699
3568 7053
3569 5094
3570 5707
3571 4362
3572 4769
3573 4236
3574 4048
3575 3538
3576 4219
3577 4473
3578 4161
3579 5183
3580 3197
3581 4046
3582 6438
3583 6814
3584 5799
3585 2578
3586 6027
3587 4324
3588 4402
3589 4142
3590 5420
3591 4597
3592 3427
3593 3806
3594 4772
3595 3406
3596 5227
3597 5024
3598 5389
3599 5291
3600 5130
3601 3787
3602 5333
3603 4253
3604 5610
3605 4794
3606 5876
3607 5139
3608 5786
3609 4035
3610 2574
3611 3824
3612 5042
3613 3732
3614 4105
3615 3987
3616 5396
3617 5348
3618 3701
3619 5202
3620 4853
3621 6483
3622 4727
3623 5059
3624 3844
3625 5230
3626 3718
3627 5725
3628 3503
3629 5598
3630 5399
3631 5025
3632 5222
3633 4787
3634 3981
3635 7225
3636 3235
3637 4886
3638 5862
3639 4632
3640 6928
3641 4442
3642 6661
3643 5013
3644 4138
3645 4738
3646 5618
3647 5006
3648 3391
3649 5469
3650 4811
3651 4566
3652 4696
3653 3781
3654 5813
3655 3754
3656 5201
3657 4952
3658 3713
3659 4234
3660 3665
3661 6181
3662 5494
3663 5089
3664 3214
3665 4956
3666 4854
3667 4140
3668 5179
3669 5382
3670 4600
3671 2663
3672 5837
3673 5376
3674 4527
3675 5576
3676 3454
3677 5395
3678 8276
3679 4175
3680 4331
3681 4223
3682 4821
3683 5517
3684 4789
3685 6493
3686 4453
3687 5320
3688 3925
3689 5553
3690 1660
3691 5016
3692 5337
3693 5531
3694 4262
3695 5196
3696 4793
3697 4800
3698 5868
3699 4808
3700 5219
3701 5357
3702 6309
3703 4106
3704 4176
3705 5213
3706 3601
3707 6655
3708 3220
3709 5168
3710 4324
3711 4534
3712 3702
3713 5679
3714 3555
3715 5949
3716 4557
3717 5370
3718 3224
3719 5059
3720 5512
3721 3669
3722 4858
3723 4319
3724 5134
3725 5714
3726 4243
3727 5512
3728 4084
3729 5550
3730 4773
3731 5046
3732 5286
3733 4020
3734 4933
3735 4661
3736 3913
3737 3031
3738 5128
3739 5953
3740 4730
3741 5331
3742 5238
3743 4761
3744 5206
3745 3962
3746 5270
3747 4151
3748 4115
3749 4777
3750 4448
3751 4048
3752 2956
3753 6223
3754 3005
3755 7314
3756 4199
3757 3343
3758 5355
3759 5915
3760 4796
3761 4939
3762 5038
3763 3806
3764 5007
3765 4630
3766 5948
3767 6291
3768 2978
3769 4535
3770 4398
3771 5668
3772 6476
3773 4467
3774 6830
3775 6466
3776 11114
3777 20520
3778 5130
3779 5265
3780 5956
3781 4453
3782 4309
3783 5170
3784 3348
3785 5409
3786 4114
3787 4739
3788 2831
3789 3557
3790 6203
3791 6379
3792 4853
3793 5237
3794 4447
3795 4758
3796 5206
3797 5041
3798 5329
3799 4744
3800 4740
3801 3891
3802 5180
3803 4428
3804 4404
3805 4693
3806 4746
3807 4371
3808 3267
3809 4114
3810 3990
3811 5078
3812 3682
3813 3837
3814 3983
3815 2779
3816 4918
3817 6615
3818 4712
3819 4800
3820 5215
3821 4274
3822 5863
3823 3791
3824 5045
3825 4700
3826 6502
3827 3666
3828 5732
3829 4249
3830 4898
3831 3445
3832 5349
3833 4946
3834 4312
3835 6752
3836 6596
3837 4719
3838 3719
3839 4184
3840 3726
3841 3618
3842 3662
3843 3649
3844 4547
3845 4607
3846 5219
3847 4575
3848 4543
3849 4105
3850 6990
3851 4976
3852 2849
3853 3500
3854 6206
3855 3275
3856 3592
3857 4253
3858 5812
3859 2264
3860 4628
3861 6564
3862 5248
3863 4207
3864 2945
3865 7671
3866 6473
3867 4265
3868 4595
3869 3806
3870 4931
3871 5587
3872 4132
3873 3954
3874 4859
3875 4183
3876 5438
3877 4051
3878 4297
3879 4753
3880 4086
3881 4058
3882 4377
3883 5741
3884 4795
3885 4729
3886 4109
3887 5147
3888 4215
3889 4572
3890 5453
3891 3905
3892 5465
3893 4651
3894 5782
3895 4841
3896 5150
3897 5370
3898 4012
3899 4515
3900 5838
3901 5382
3902 5046
3903 5699
3904 5109
3905 5410
3906 5748
3907 4946
3908 4624
3909 4716
3910 4443
3911 5384
3912 4209
3913 7330
3914 3724
3915 4698
3916 3504
3917 4292
3918 5557
3919 4628
3920 4155
3921 3976
3922 4716
3923 6057
3924 3903
3925 2815
3926 4748
3927 5429
3928 4377
3929 5701
3930 4505
3931 6246
3932 4949
3933 4415
3934 3874
3935 3891
3936 4482
3937 3627
3938 4463
3939 3822
3940 6328
3941 2865
3942 6700
3943 3708
3944 5784
3945 4939
3946 4268
3947 4357
3948 4958
3949 5384
3950 6145
3951 6474
3952 7155
3953 4911
3954 6195
3955 5855
3956 3611
3957 6053
3958 4627
3959 5988
3960 5334
3961 3195
3962 4647
3963 3249
3964 4374
3965 6701
3966 5205
3967 5019
3968 5422
3969 5769
3970 4367
3971 4632
3972 5179
3973 4405
3974 5678
3975 6299
3976 5742
3977 5048
3978 4522
3979 3955
3980 3778
3981 6397
3982 4210
3983 4675
3984 4379
3985 4635
3986 3948
3987 5846
3988 4287
3989 6882
3990 5210
3991 4080
3992 4797
3993 4217
3994 3894
3995 5113
3996 3746
3997 3759
3998 5480
3999 2301
4000 3913
4001 4903
4002 3789
4003 2864
4004 4922
4005 4656
4006 5224
4007 4258
4008 5290
4009 4107
4010 5311
4011 4549
4012 4344
4013 7021
4014 4710
4015 5504
4016 3287
4017 4027
4018 4998
4019 4823
4020 4572
4021 5107
4022 4740
4023 5198
4024 4927
4025 4221
4026 3607
4027 3656
4028 5969
4029 5441
4030 4555
4031 3960
4032 5344
4033 5689
4034 5206
4035 4989
4036 5806
4037 5271
4038 6198
4039 4739
4040 4751
4041 4212
4042 4955
4043 3610
4044 5823
4045 4876
4046 5920
4047 4483
4048 4642
4049 6368
4050 3469
4051 4943
4052 2882
4053 5188
4054 4613
4055 4283
4056 4150
4057 4904
4058 5812
4059 4717
4060 5048
4061 4379
4062 4200
4063 5596
4064 5384
4065 5061
4066 5920
4067 3976
4068 3848
4069 5539
4070 5438
4071 5713
4072 4035
4073 5503
4074 5724
4075 6031
4076 5538
4077 4477
4078 3605
4079 3372
4080 4700
4081 4523
4082 4240
4083 4888
4084 3940
4085 4935
4086 4413
4087 7225
4088 5017
4089 3250
4090 4550
4091 6094
4092 4399
4093 4844
4094 4618
4095 4728
4096 4467
4097 6100
4098 5021
4099 5005
4100 6008
4101 5991
4102 4713
4103 4712
4104 5065
4105 4786
4106 5094
4107 3957
4108 2248
4109 5303
4110 3634
4111 3919
4112 3648
4113 3949
4114 4128
4115 5951
4116 5621
4117 6223
4118 5643
4119 4463
4120 4468
4121 4793
4122 6333
4123 5779
4124 5125
4125 6477
4126 4211
4127 4140
4128 4573
4129 5837
4130 4456
4131 4873
4132 3923
4133 5659
4134 4613
4135 4423
4136 3235
4137 5689
4138 4487
4139 5211
4140 4718
4141 3486
4142 3556
4143 3755
4144 3341
4145 4793
4146 4131
4147 3635
4148 4424
4149 3854
4150 5980
4151 4855
4152 3617
4153 5991
4154 5608
4155 4693
4156 4854
4157 6414
4158 3756
4159 4086
4160 4368
4161 3221
4162 4948
4163 5278
4164 3085
4165 4605
4166 4399
4167 3817
4168 5911
4169 6244
4170 5210
4171 5139
4172 5545
4173 3737
4174 4764
4175 4346
4176 3782
4177 5194
4178 4652
4179 6405
4180 5069
4181 3872
4182 4908
4183 4331
4184 4647
4185 5233
4186 4341
4187 3126
4188 4696
4189 6031
4190 5479
4191 5044
4192 4270
4193 4173
4194 4772
4195 5672
4196 5787
4197 3919
4198 6261
4199 3933
4200 4920
4201 5397
4202 4627
4203 5131
4204 5150
4205 4536
4206 5526
4207 6849
4208 4466
4209 3865
4210 5172
4211 6656
4212 5086
4213 5645
4214 5409
4215 3145
4216 5261
4217 3595
4218 5252
4219 3914
4220 5983
4221 5187
4222 5871
4223 4894
4224 5019
4225 4925
4226 4514
4227 4184
4228 4262
4229 5376
4230 2648
4231 36017
4232 4992
4233 5610
4234 5583
4235 5558
4236 3904
4237 3850
4238 3352
4239 5157
4240 5885
4241 2553
4242 4251
4243 4430
4244 3527
4245 5406
4246 4538
4247 3963
4248 4174
4249 5800
4250 3982
4251 5854
4252 6548
4253 6448
4254 5324
4255 4833
4256 6080
4257 5201
4258 3960
4259 4503
4260 5012
4261 4617
4262 5765
4263 3785
4264 4973
4265 5734
4266 4081
4267 5260
4268 4340
4269 3802
4270 3826
4271 3739
4272 6063
4273 4441
4274 4282
4275 5215
4276 5433
4277 5926
4278 5460
4279 5439
4280 5120
4281 5285
4282 3517
4283 4228
4284 6201
4285 4209
4286 3119
4287 5125
4288 4324
4289 4800
4290 4822
4291 4512
4292 7065
4293 4473
4294 4914
4295 4612
4296 3853
4297 6174
4298 4644
4299 5934
4300 4911
4301 5252
4302 5568
4303 4027
4304 5244
4305 5671
4306 4709
4307 5121
4308 5165
4309 4565
4310 4736
4311 3676
4312 5228
4313 4646
4314 2600
4315 7174
4316 3861
4317 4915
4318 5120
4319 4774
4320 4466
4321 3317
4322 4903
4323 4561
4324 2672
4325 4312
4326 4470
4327 27810
4328 3399
4329 5650
4330 4030
4331 19731
4332 5759
4333 5670
4334 3787
4335 6390
4336 5284
4337 6513
4338 4185
4339 4049
4340 4828
4341 4355
4342 5031
4343 2919
4344 4270
4345 4790
4346 5001
4347 4191
4348 4931
4349 4859
4350 4832
4351 5671
4352 5743
4353 4372
4354 4683
4355 6166
4356 5255
4357 3254
4358 2833
4359 4923
4360 5596
4361 5048
4362 4746
4363 6612
4364 5003
4365 4856
4366 4197
4367 4800
4368 3850
4369 6598
4370 3987
4371 4568
4372 4622
4373 3019
4374 4530
4375 4583
4376 5985
4377 4205
4378 5790
4379 4058
4380 4791
4381 6167
4382 4949
4383 5438
4384 5112
4385 5008
4386 4513
4387 5246
4388 5544
4389 4185
4390 5185
4391 4289
4392 4917
4393 6169
4394 4429
4395 4306
4396 4272
4397 4401
4398 5890
4399 5943
4400 5098
4401 4835
4402 6622
4403 5718
4404 5254
4405 4595
4406 4060
4407 4786
4408 5859
4409 6344
4410 5435
4411 4938
4412 5767
4413 4317
4414 6409
4415 3960
4416 4887
4417 4737
4418 2986
4419 7000
4420 3735
4421 4216
4422 4344
4423 7947
4424 5080
4425 4587
4426 4146
4427 5007
4428 3577
4429 6805
4430 5332
4431 6598
4432 3550
4433 4708
4434 5785
4435 4671
4436 3648
4437 3458
4438 5010
4439 3999
4440 3848
4441 4236
4442 5019
4443 4857
4444 3915
4445 4160
4446 5310
4447 4321
4448 4395
4449 6973
4450 4574
4451 5692
4452 5046
4453 6076
4454 5964
4455 4350
4456 3629
4457 5395
4458 4532
4459 3794
4460 3283
4461 5148
4462 4078
4463 5962
4464 4659
4465 5709
4466 3019
4467 5202
4468 4977
4469 3914
4470 4902
4471 4380
4472 4701
4473 4427
4474 7194
4475 4945
4476 5680
4477 4420
4478 5004
4479 6046
4480 4376
4481 4551
4482 5398
4483 4233
4484 5164
4485 5776
4486 4507
4487 4549
4488 3955
4489 3764
4490 4024
4491 5205
4492 5337
4493 4343
4494 5124
4495 4608
4496 4286
4497 4427
4498 5695
4499 4583
4500 4844
4501 5284
4502 4598
4503 6240
4504 3543
4505 4688
4506 5544
4507 4824
4508 6492
4509 6624
4510 5648
4511 5419
4512 4068
4513 5545
4514 4443
4515 3806
4516 5442
4517 3841
4518 3915
4519 4154
4520 6427
4521 4325
4522 5839
4523 5050
4524 5329
4525 5202
4526 4543
4527 6270
4528 4737
4529 4691
4530 6203
4531 3448
4532 5708
4533 3472
4534 6160
4535 4551
4536 4912
4537 5984
4538 5627
4539 4584
4540 4087
4541 4862
4542 5817
4543 4714
4544 5680
4545 3617
4546 4116
4547 5043
4548 3746
4549 5861
4550 6252
4551 3307
4552 4758
4553 4591
4554 4355
4555 4921
4556 4566
4557 5951
4558 5820
4559 6915
4560 4037
4561 5697
4562 6505
4563 6586
4564 4587
4565 4002
4566 4398
4567 3448
4568 5445
4569 5155
4570 4956
4571 7034
4572 4102
4573 4689
4574 4102
4575 4792
4576 3437
4577 4040
4578 6051
4579 5415
4580 4220
4581 6203
4582 3976
4583 3712
4584 5051
4585 6444
4586 5537
4587 6313
4588 4793
4589 4086
4590 5995
4591 4534
4592 4176
4593 3726
4594 3002
4595 4240
4596 4576
4597 3974
4598 5843
4599 3363
4600 4319
4601 6983
4602 3546
4603 3253
4604 4639
4605 4184
4606 5270
4607 4112
4608 3868
4609 4886
4610 4944
4611 5896
4612 4829
4613 5477
4614 4575
4615 5423
4616 3634
4617 4953
4618 3610
4619 4733
4620 3797
4621 4132
4622 6064
4623 2987
4624 3520
4625 4047
4626 5691
4627 6649
4628 4391
4629 7855
4630 4036
4631 6131
4632 5822
4633 2926
4634 5306
4635 4162
4636 3759
4637 4124
4638 4950
4639 5178
4640 4644
4641 4295
4642 4736
4643 5064
4644 6024
4645 4685
4646 6558
4647 5605
4648 4345
4649 4655
4650 4001
4651 5108
4652 6151
4653 3607
4654 3960
4655 3259
4656 4322
4657 5041
4658 5433
4659 4507
4660 3687
4661 5505
4662 5524
4663 3589
4664 4946
4665 4581
4666 7270
4667 5560
4668 5541
4669 5200
4670 3644
4671 2927
4672 5104
4673 6123
4674 4185
4675 4053
4676 4960
4677 5043
4678 4156
4679 3435
4680 3695
4681 4749
4682 4958
4683 4205
4684 5977
4685 5501
4686 5764
4687 6685
4688 6166
4689 3299
4690 5838
4691 6550
4692 4671
4693 2840
4694 5727
4695 5342
4696 5731
4697 4492
4698 5603
4699 4091
4700 5335
4701 4383
4702 4939
4703 5932
4704 3909
4705 3531
4706 4394
4707 3834
4708 5030
4709 5418
4710 5683
4711 5643
4712 4329
4713 4777
4714 5170
4715 5845
4716 4173
4717 5163
4718 4359
4719 4101
4720 5539
4721 5647
4722 5159
4723 3858
4724 4994
4725 5388
4726 4472
4727 5866
4728 5461
4729 6101
4730 3730
4731 5703
4732 4821
4733 5480
4734 8133
4735 5673
4736 2865
4737 4788
4738 5768
4739 4645
4740 7030
4741 6066
4742 4875
4743 3216
4744 6463
4745 4813
4746 4196
4747 5257
4748 5904
4749 5186
4750 4183
4751 4832
4752 5869
4753 6019
4754 4132
4755 6007
4756 5004
4757 5101
4758 3289
4759 7284
4760 5331
4761 5478
4762 3699
4763 4930
4764 3270
4765 6473
4766 4194
4767 4537
4768 5009
4769 3888
4770 4779
4771 5736
4772 3813
4773 5149
4774 3879
4775 5001
4776 5944
4777 4733
4778 5053
4779 3108
4780 5062
4781 4101
4782 4077
4783 3503
4784 3743
4785 4491
4786 3184
4787 5795
4788 4643
4789 6891
4790 5584
4791 4722
4792 5750
4793 5207
4794 6064
4795 3805
4796 6492
4797 3441
4798 6160
4799 5261
4800 4422
4801 5428
4802 5574
4803 4853
4804 6091
4805 5269
4806 6337
4807 5799
4808 5503
4809 3926
4810 4399
4811 6428
4812 3205
4813 4197
4814 5164
4815 5503
4816 4139
4817 4306
4818 3137
4819 5079
4820 4587
4821 4127
4822 19014
4823 4238
4824 3351
4825 5578
4826 5221
4827 3998
4828 4699
4829 5747
4830 4834
4831 4410
4832 5860
4833 4617
4834 5501
4835 3552
4836 4868
4837 4905
4838 3885
4839 4090
4840 6214
4841 4287
4842 3237
4843 4687
4844 4386
4845 4188
4846 4411
4847 4888
4848 4185
4849 3980
4850 5050
4851 4583
4852 4803
4853 5811
4854 4969
4855 5985
4856 5127
4857 5992
4858 4777
4859 4816
4860 4506
4861 3319
4862 5715
4863 5899
4864 4504
4865 5230
4866 3999
4867 5402
4868 18126
4869 2938
4870 5388
4871 3040
4872 5989
4873 5042
4874 5371
4875 4872
4876 5164
4877 5098
4878 5094
4879 5699
4880 3740
4881 4011
4882 6465
4883 6139
4884 6774
4885 4696
4886 6218
4887 3544
4888 5559
4889 4152
4890 6431
4891 5315
4892 2618
4893 4285
4894 5263
4895 3368
4896 4737
4897 6015
4898 3941
4899 4227
4900 3387
4901 4782
4902 5906
4903 4127
4904 6100
4905 4369
4906 4214
4907 5058
4908 4392
4909 5573
4910 5407
4911 2476
4912 3978
4913 4362
4914 4722
4915 5299
4916 6224
4917 2752
4918 4032
4919 4489
4920 5211
4921 5853
4922 5140
4923 3469
4924 5505
4925 4504
4926 4637
4927 3018
4928 3754
4929 3908
4930 6080
4931 5898
4932 5027
4933 3123
4934 3710
4935 5531
4936 5413
4937 3860
4938 6409
4939 3702
4940 5480
4941 2523
4942 5061
4943 5120
4944 5186
4945 3916
4946 4432
4947 3557
4948 5848
4949 4946
4950 4580
4951 5195
4952 5528
4953 4571
4954 4644
4955 4548
4956 3272
4957 5202
4958 4296
4959 4680
4960 3613
4961 6282
4962 4712
4963 4195
4964 4145
4965 3914
4966 4782
4967 5757
4968 5335
4969 5006
4970 3676
4971 3275
4972 4401
4973 3899
4974 4343
4975 5390
4976 4886
4977 4338
4978 5250
4979 3446
4980 5174
4981 4717
4982 6218
4983 4584
4984 4489
4985 4864
4986 4858
4987 5287
4988 4608
4989 3603
4990 4688
4991 3334
4992 3896
4993 4235
4994 5174
4995 4751
4996 5478
4997 3857
4998 6493
4999 2753
