# array_size time
1 2961
2 1744
3 1914
4 1739
5 1564
6 1821
7 1843
8 1779
9 1750
10 1886
11 1626
12 1966
13 1893
14 2097
15 1941
16 2154
17 1683
18 1784
19 1689
20 2088
21 1775
22 1864
23 1724
24 1712
25 1797
26 3250
27 2210
28 1939
29 1597
30 2449
31 1912
32 1902
33 1749
34 2215
35 2510
36 2368
37 1984
38 2009
39 2044
40 1973
41 2582
42 2007
43 2094
44 2670
45 1983
46 1532
47 2137
48 2095
49 1725
50 1804
51 1964
52 1840
53 2174
54 2036
55 1903
56 2272
57 1822
58 2231
59 2260
60 2264
61 2330
62 2218
63 1929
64 2119
65 2310
66 2017
67 2006
68 2043
69 1965
70 2154
71 2242
72 1906
73 2569
74 2803
75 2058
76 2590
77 1967
78 1988
79 1931
80 1783
81 2447
82 2499
83 2345
84 2648
85 2040
86 1765
87 2372
88 1957
89 1739
90 2361
91 2150
92 1797
93 2952
94 2153
95 2125
96 1772
97 2129
98 2046
99 2112
100 1841
101 2126
102 2113
103 2286
104 2343
105 1903
106 1683
107 2143
108 2191
109 1342
110 1853
111 2320
112 1898
113 2375
114 1601
115 2254
116 1938
117 2398
118 4204
119 2262
120 2666
121 2283
122 2066
123 1998
124 2098
125 1529
126 1950
127 1563
128 1951
129 2014
130 2074
131 1777
132 1690
133 1908
134 1938
135 2463
136 1544
137 2014
138 1894
139 1836
140 1936
141 1857
142 2191
143 1992
144 2222
145 2017
146 1839
147 1974
148 1535
149 1966
150 1761
151 2322
152 1960
153 2298
154 1877
155 2007
156 1681
157 1634
158 1835
159 2307
160 2066
161 1822
162 2281
163 1727
164 1981
165 2618
166 1855
167 1889
168 2307
169 2294
170 2297
171 2192
172 1756
173 2738
174 2047
175 1876
176 1937
177 2093
178 1874
179 4107
180 1995
181 2447
182 2361
183 2276
184 2086
185 2332
186 1841
187 2326
188 2469
189 1931
190 2884
191 1803
192 2216
193 2288
194 2638
195 2311
196 2305
197 1860
198 2210
199 1923
200 2268
201 2214
202 2105
203 2467
204 2003
205 2044
206 1692
207 2127
208 1880
209 2137
210 2276
211 1705
212 2156
213 2056
214 1898
215 2013
216 3525
217 2200
218 1705
219 2317
220 2609
221 2283
222 1936
223 2134
224 2246
225 2046
226 1700
227 1923
228 1862
229 2371
230 1940
231 2360
232 2204
233 1976
234 1775
235 2141
236 2175
237 2541
238 2970
239 2077
240 1853
241 2356
242 2123
243 1827
244 2125
245 2233
246 2670
247 1969
248 2515
249 1871
250 2368
251 2349
252 2112
253 1945
254 2265
255 2690
256 1768
257 1934
258 2328
259 2313
260 2381
261 1904
262 2702
263 2017
264 2301
265 2015
266 1773
267 2284
268 2561
269 2040
270 2396
271 2176
272 1890
273 2042
274 1757
275 1684
276 2086
277 2244
278 2063
279 2044
280 2061
281 2628
282 2225
283 2679
284 2536
285 2666
286 3261
287 3065
288 2640
289 2556
290 2243
291 2002
292 2053
293 1949
294 1907
295 2624
296 2452
297 2656
298 1903
299 2541
300 2043
301 2012
302 2162
303 2094
304 2321
305 1930
306 1990
307 2204
308 2352
309 1789
310 2236
311 2010
312 3539
313 2323
314 2005
315 2060
316 2687
317 2221
318 2169
319 2276
320 2048
321 2304
322 2605
323 2256
324 2083
325 2073
326 1835
327 1853
328 2013
329 2350
330 2806
331 2243
332 1878
333 2648
334 2304
335 1785
336 1850
337 1928
338 2610
339 2222
340 2290
341 2098
342 2127
343 2291
344 2640
345 2502
346 2179
347 1884
348 1426
349 2136
350 2700
351 1665
352 2058
353 2105
354 2056
355 1919
356 2392
357 2521
358 2414
359 2052
360 2208
361 1770
362 2078
363 1916
364 2006
365 2781
366 2055
367 4857
368 1818
369 2125
370 2244
371 2118
372 2490
373 2740
374 2176
375 1987
376 1902
377 2611
378 2650
379 2372
380 1633
381 1705
382 2280
383 2358
384 2162
385 1970
386 2308
387 2062
388 2065
389 2125
390 2076
391 2589
392 2430
393 2367
394 1728
395 2309
396 2354
397 3846
398 3052
399 2730
400 2532
401 35096
402 1881
403 2161
404 1967
405 2565
406 2382
407 2142
408 1941
409 1659
410 32741
411 2156
412 2573
413 2415
414 2313
415 2162
416 2707
417 2082
418 2267
419 1803
420 2517
421 2843
422 2399
423 2338
424 2071
425 1935
426 2043
427 2539
428 2165
429 2109
430 2106
431 2466
432 1764
433 2110
434 1884
435 2364
436 2213
437 2008
438 1943
439 2174
440 2084
441 2090
442 1984
443 2031
444 2092
445 2321
446 2209
447 2383
448 2103
449 2092
450 1879
451 2050
452 2743
453 2146
454 2350
455 2586
456 2326
457 2253
458 2196
459 1893
460 2137
461 2742
462 2161
463 2832
464 2394
465 2720
466 2769
467 2473
468 2220
469 2194
470 2105
471 2032
472 2223
473 2002
474 3081
475 2272
476 2105
477 1651
478 2478
479 2255
480 3107
481 2108
482 2588
483 2505
484 2162
485 1879
486 2168
487 2370
488 1787
489 1858
490 1945
491 2158
492 1765
493 1842
494 2470
495 2053
496 2036
497 1931
498 2659
499 2173
500 2510
501 1640
502 2386
503 2338
504 2135
505 2271
506 2690
507 2308
508 2000
509 1844
510 1808
511 2369
512 2029
513 1935
514 1680
515 1851
516 1916
517 2608
518 2489
519 2774
520 1497
521 2573
522 2510
523 2020
524 2154
525 2099
526 2370
527 1980
528 2465
529 2475
530 2113
531 2346
532 2681
533 2865
534 1749
535 2251
536 2736
537 2310
538 1749
539 2197
540 2884
541 2281
542 2527
543 2729
544 2793
545 2407
546 2033
547 1993
548 2321
549 2418
550 2244
551 2565
552 2524
553 2508
554 2015
555 2056
556 2427
557 2885
558 1824
559 2029
560 2254
561 2456
562 2683
563 2680
564 2355
565 2637
566 2367
567 2189
568 2098
569 2460
570 2136
571 2911
572 2179
573 2230
574 2120
575 2040
576 2634
577 2394
578 2475
579 2694
580 2356
581 2479
582 2216
583 2202
584 2603
585 2725
586 1811
587 3216
588 2873
589 3259
590 3144
591 2657
592 2267
593 2149
594 2224
595 2237
596 1818
597 1832
598 2409
599 2685
600 2637
601 2245
602 2041
603 2816
604 2389
605 1716
606 2983
607 2686
608 2324
609 2244
610 2767
611 2597
612 3046
613 2522
614 2314
615 2691
616 2383
617 2267
618 2805
619 2603
620 2003
621 2682
622 2524
623 2575
624 2258
625 2042
626 1950
627 2611
628 2261
629 1808
630 2300
631 3010
632 2524
633 2484
634 2147
635 1937
636 2243
637 2439
638 2232
639 2237
640 2754
641 2382
642 2476
643 2274
644 2386
645 2189
646 2413
647 2318
648 2013
649 1803
650 2224
651 2349
652 2121
653 2074
654 2560
655 2846
656 2597
657 2223
658 2699
659 2379
660 2418
661 2232
662 2466
663 2204
664 2219
665 1604
666 2159
667 1919
668 2371
669 6966
670 2087
671 2669
672 2278
673 2004
674 2532
675 2216
676 2626
677 2207
678 1741
679 2412
680 2263
681 1715
682 2260
683 1966
684 1798
685 2638
686 3072
687 2198
688 2306
689 16442
690 1364
691 2087
692 2390
693 1832
694 2242
695 2459
696 2248
697 2105
698 2549
699 3032
700 1818
701 1989
702 2556
703 2402
704 2023
705 2718
706 2898
707 2906
708 2459
709 2223
710 2554
711 1882
712 1993
713 1982
714 2057
715 2195
716 2045
717 2039
718 2109
719 3291
720 2998
721 3182
722 2527
723 2688
724 3061
725 2562
726 2600
727 3050
728 2230
729 2611
730 2364
731 2210
732 3067
733 3172
734 3212
735 5291
736 2879
737 2960
738 2317
739 2782
740 2151
741 2417
742 2224
743 2330
744 2601
745 2361
746 2701
747 2522
748 3249
749 2681
750 2180
751 2521
752 2259
753 1999
754 2069
755 2423
756 2000
757 2531
758 3143
759 2332
760 2591
761 2685
762 2038
763 2548
764 2653
765 2178
766 3075
767 2393
768 3138
769 2557
770 2073
771 2335
772 2621
773 2013
774 2291
775 2804
776 2610
777 2182
778 2638
779 2040
780 2953
781 2334
782 2277
783 1773
784 2764
785 2352
786 2469
787 3587
788 3006
789 2448
790 2097
791 2716
792 2331
793 1985
794 2424
795 2341
796 2310
797 2114
798 1678
799 2076
800 2441
801 2631
802 1869
803 2243
804 2124
805 2223
806 2172
807 2304
808 2215
809 2240
810 2369
811 2647
812 1957
813 2154
814 2198
815 2269
816 2493
817 2054
818 2321
819 1897
820 1718
821 2279
822 2275
823 2324
824 2118
825 2780
826 2520
827 2486
828 2335
829 1974
830 2251
831 2032
832 2261
833 2397
834 2424
835 1990
836 2173
837 2315
838 2858
839 2368
840 2138
841 2425
842 2286
843 2179
844 2454
845 2389
846 2106
847 2368
848 1871
849 1562
850 2197
851 2683
852 2292
853 2289
854 2604
855 2630
856 2196
857 2356
858 1599
859 2640
860 2674
861 2393
862 2075
863 1884
864 2788
865 2726
866 1983
867 2340
868 2091
869 2195
870 2597
871 2862
872 3127
873 1909
874 2227
875 3179
876 2257
877 2253
878 2164
879 2819
880 2296
881 2382
882 2431
883 3049
884 2414
885 1493
886 2613
887 2043
888 2100
889 2924
890 3453
891 2660
892 3112
893 2037
894 3110
895 1631
896 2616
897 2246
898 2435
899 2357
900 2681
901 3009
902 2339
903 2297
904 2245
905 2772
906 2447
907 2327
908 2275
909 2443
910 3078
911 2489
912 2684
913 2892
914 2593
915 2366
916 2467
917 2094
918 2425
919 1966
920 2302
921 2133
922 2066
923 2454
924 2647
925 3049
926 2513
927 2941
928 2781
929 2027
930 2887
931 2660
932 2128
933 2486
934 2616
935 2308
936 3486
937 2560
938 1983
939 2000
940 2704
941 2116
942 2644
943 2908
944 16683
945 3542
946 2386
947 2676
948 2339
949 2715
950 2528
951 3096
952 2372
953 2641
954 3060
955 2352
956 3386
957 4216
958 3819
959 3142
960 2655
961 2378
962 3106
963 2484
964 2077
965 2751
966 2177
967 3852
968 3132
969 1946
970 2364
971 2312
972 2163
973 2161
974 6498
975 2629
976 3268
977 2905
978 2259
979 2569
980 2058
981 2786
982 2382
983 2709
984 2515
985 2852
986 2142
987 2220
988 2507
989 2826
990 2942
991 2010
992 2719
993 3194
994 2196
995 2980
996 2379
997 1887
998 2270
999 2251
1000 3013
1001 2908
1002 3489
1003 2142
1004 2602
1005 2922
1006 2475
1007 2154
1008 2221
1009 2558
1010 2616
1011 2003
1012 2482
1013 2633
1014 2718
1015 2506
1016 2716
1017 4497
1018 2186
1019 2575
1020 2436
1021 2842
1022 2411
1023 2387
1024 2390
1025 2324
1026 2690
1027 2669
1028 2617
1029 2592
1030 2516
1031 2681
1032 2641
1033 2430
1034 3388
1035 2240
1036 1890
1037 2795
1038 2307
1039 2643
1040 2646
1041 2462
1042 2947
1043 2412
1044 2648
1045 2305
1046 2893
1047 1676
1048 2345
1049 3024
1050 2559
1051 2670
1052 3023
1053 1903
1054 2932
1055 3128
1056 2732
1057 3056
1058 2805
1059 4859
1060 2956
1061 2922
1062 3046
1063 1811
1064 2751
1065 3287
1066 2864
1067 2985
1068 1979
1069 3245
1070 2417
1071 2401
1072 2981
1073 2504
1074 2931
1075 3060
1076 2440
1077 2475
1078 2325
1079 2337
1080 2856
1081 3120
1082 2532
1083 2685
1084 2845
1085 2033
1086 2306
1087 2625
1088 2102
1089 2706
1090 2550
1091 2921
1092 2218
1093 2417
1094 2929
1095 3246
1096 2472
1097 2051
1098 2788
1099 2462
1100 2486
1101 2537
1102 3133
1103 2166
1104 1925
1105 2228
1106 2874
1107 2007
1108 2592
1109 2345
1110 2503
1111 2787
1112 2257
1113 2355
1114 2307
1115 2385
1116 2629
1117 2398
1118 2604
1119 2119
1120 2895
1121 2259
1122 2207
1123 2138
1124 2487
1125 3345
1126 3128
1127 2999
1128 2818
1129 2336
1130 2169
1131 2415
1132 2529
1133 2117
1134 2432
1135 2375
1136 2030
1137 2550
1138 1823
1139 2778
1140 2716
1141 2843
1142 2226
1143 2726
1144 2664
1145 2299
1146 2448
1147 3286
1148 3059
1149 2482
1150 2297
1151 2771
1152 3275
1153 3160
1154 2759
1155 2204
1156 2392
1157 2761
1158 16994
1159 2698
1160 3169
1161 2391
1162 3190
1163 3346
1164 2470
1165 3272
1166 2044
1167 3076
1168 2168
1169 2819
1170 2822
1171 3201
1172 2889
1173 2358
1174 4199
1175 1892
1176 2223
1177 2193
1178 2902
1179 2967
1180 2640
1181 3457
1182 2133
1183 2580
1184 2721
1185 2872
1186 3456
1187 2865
1188 2326
1189 2733
1190 3010
1191 2493
1192 2875
1193 3384
1194 4347
1195 3172
1196 2604
1197 2806
1198 2229
1199 2714
1200 2796
1201 2631
1202 2621
1203 2329
1204 1825
1205 2958
1206 2248
1207 2681
1208 2500
1209 3187
1210 3128
1211 2556
1212 3014
1213 3070
1214 2752
1215 2624
1216 34048
1217 3446
1218 2462
1219 2345
1220 2414
1221 2557
1222 2979
1223 2466
1224 2433
1225 2451
1226 2877
1227 2077
1228 2782
1229 3006
1230 2237
1231 3289
1232 2512
1233 2208
1234 2571
1235 2350
1236 3219
1237 2216
1238 2229
1239 2123
1240 2352
1241 24798
1242 2618
1243 1822
1244 2328
1245 2306
1246 3003
1247 2428
1248 2696
1249 2826
1250 2731
1251 2557
1252 2273
1253 3044
1254 3006
1255 2740
1256 2883
1257 2255
1258 2404
1259 2219
1260 2478
1261 2872
1262 3051
1263 2501
1264 2839
1265 2014
1266 2571
1267 3668
1268 2380
1269 2102
1270 2314
1271 2552
1272 2946
1273 2674
1274 2500
1275 2433
1276 2392
1277 2254
1278 2473
1279 1860
1280 2776
1281 2279
1282 2410
1283 2066
1284 3202
1285 3019
1286 2240
1287 2603
1288 1909
1289 2554
1290 2331
1291 2154
1292 2935
1293 2838
1294 2409
1295 2820
1296 2302
1297 2410
1298 3219
1299 3060
1300 3047
1301 3305
1302 2302
1303 2626
1304 2332
1305 2845
1306 2268
1307 2302
1308 2115
1309 2452
1310 2840
1311 2561
1312 2972
1313 2061
1314 2695
1315 2511
1316 2825
1317 2928
1318 2791
1319 2487
1320 1907
1321 2496
1322 2838
1323 2756
1324 2836
1325 2981
1326 2315
1327 2684
1328 2286
1329 2557
1330 3440
1331 3562
1332 2201
1333 3138
1334 2742
1335 2546
1336 3477
1337 2531
1338 2800
1339 2254
1340 2381
1341 2620
1342 3042
1343 2557
1344 3160
1345 2734
1346 2844
1347 2676
1348 2811
1349 2927
1350 2777
1351 2689
1352 2443
1353 3883
1354 3033
1355 2640
1356 3106
1357 2706
1358 2287
1359 3066
1360 2414
1361 2886
1362 2534
1363 1878
1364 2403
1365 3337
1366 2572
1367 3159
1368 3129
1369 2371
1370 2356
1371 3191
1372 3263
1373 2299
1374 3177
1375 1999
1376 2667
1377 2761
1378 2212
1379 2111
1380 2431
1381 2934
1382 3156
1383 2752
1384 3115
1385 1969
1386 2563
1387 2108
1388 2621
1389 2805
1390 2957
1391 2209
1392 3023
1393 2824
1394 2929
1395 3014
1396 3257
1397 2565
1398 2790
1399 2232
1400 2870
1401 2706
1402 3331
1403 2728
1404 1855
1405 2369
1406 1850
1407 2325
1408 2257
1409 2797
1410 2851
1411 2169
1412 2914
1413 2465
1414 2464
1415 2547
1416 2461
1417 2189
1418 2544
1419 1852
1420 2056
1421 2637
1422 2451
1423 3576
1424 2125
1425 2879
1426 2747
1427 2623
1428 2231
1429 2548
1430 3258
1431 2420
1432 3008
1433 2167
1434 2624
1435 3023
1436 2458
1437 2911
1438 2708
1439 2507
1440 2755
1441 2659
1442 1997
1443 3047
1444 2682
1445 2791
1446 1987
1447 2568
1448 2527
1449 2595
1450 2237
1451 2820
1452 3350
1453 3224
1454 2220
1455 2311
1456 2914
1457 2422
1458 2601
1459 2421
1460 2486
1461 2737
1462 2150
1463 2342
1464 2237
1465 2423
1466 2509
1467 3025
1468 2504
1469 2711
1470 2245
1471 2874
1472 1840
1473 2300
1474 2393
1475 2166
1476 2492
1477 2157
1478 2908
1479 2264
1480 2498
1481 3310
1482 2534
1483 2328
1484 2993
1485 3059
1486 2661
1487 2724
1488 2336
1489 3310
1490 3820
1491 2557
1492 2555
1493 2967
1494 3311
1495 2590
1496 2323
1497 3498
1498 2507
1499 1966
1500 2501
1501 3163
1502 2555
1503 3207
1504 2944
1505 2872
1506 2836
1507 2438
1508 2555
1509 2445
1510 3061
1511 3605
1512 3200
1513 3170
1514 2638
1515 2571
1516 3490
1517 2479
1518 2607
1519 3646
1520 3263
1521 2855
1522 3710
1523 3056
1524 2793
1525 2292
1526 2320
1527 2754
1528 2891
1529 2230
1530 2789
1531 2987
1532 2875
1533 2741
1534 2547
1535 3312
1536 3297
1537 2510
1538 3292
1539 2345
1540 2443
1541 2165
1542 2390
1543 2524
1544 2266
1545 2626
1546 2929
1547 2486
1548 2791
1549 2464
1550 2398
1551 3442
1552 3400
1553 2403
1554 2485
1555 2752
1556 2756
1557 2407
1558 2757
1559 3016
1560 3049
1561 3147
1562 2644
1563 2916
1564 2033
1565 2571
1566 3033
1567 2729
1568 2688
1569 2857
1570 3094
1571 3064
1572 2643
1573 2053
1574 2213
1575 2905
1576 2872
1577 2348
1578 2497
1579 2534
1580 2992
1581 3721
1582 2611
1583 3081
1584 2731
1585 2265
1586 3203
1587 3138
1588 2551
1589 2898
1590 2736
1591 3077
1592 2513
1593 3033
1594 2417
1595 3445
1596 3131
1597 2611
1598 3009
1599 3400
1600 2798
1601 2808
1602 2614
1603 2730
1604 2508
1605 2517
1606 2760
1607 2660
1608 2526
1609 2277
1610 2643
1611 2203
1612 2659
1613 2529
1614 2328
1615 2449
1616 2901
1617 2709
1618 2935
1619 2571
1620 2829
1621 2784
1622 2330
1623 2283
1624 2985
1625 2864
1626 2406
1627 3220
1628 2854
1629 2512
1630 3083
1631 2503
1632 2634
1633 3052
1634 3031
1635 2845
1636 2851
1637 2721
1638 2440
1639 2413
1640 2701
1641 3097
1642 2787
1643 2237
1644 2576
1645 2907
1646 2283
1647 2872
1648 2983
1649 2576
1650 3330
1651 3204
1652 2580
1653 2085
1654 2734
1655 2720
1656 2211
1657 2701
1658 2500
1659 2367
1660 2974
1661 2915
1662 3017
1663 3930
1664 2851
1665 3046
1666 2833
1667 2508
1668 2825
1669 3090
1670 2464
1671 2493
1672 2615
1673 3743
1674 2123
1675 3038
1676 2261
1677 2085
1678 3036
1679 2528
1680 2411
1681 2581
1682 2528
1683 2984
1684 3230
1685 3169
1686 3034
1687 2301
1688 3604
1689 2825
1690 2886
1691 3122
1692 3328
1693 2723
1694 3473
1695 2045
1696 2645
1697 3871
1698 3152
1699 2679
1700 2425
1701 2559
1702 3741
1703 2633
1704 2399
1705 2076
1706 3103
1707 3239
1708 3093
1709 2502
1710 2816
1711 2860
1712 2433
1713 2458
1714 2923
1715 2574
1716 3293
1717 2504
1718 2679
1719 2696
1720 2927
1721 3066
1722 2382
1723 2567
1724 3345
1725 3004
1726 2451
1727 2740
1728 2691
1729 3592
1730 2867
1731 2798
1732 3017
1733 2907
1734 3142
1735 2738
1736 2840
1737 2362
1738 3290
1739 2389
1740 2905
1741 3299
1742 2877
1743 2271
1744 2999
1745 2172
1746 2064
1747 3429
1748 2645
1749 2176
1750 2357
1751 2938
1752 3003
1753 2148
1754 3164
1755 2840
1756 3131
1757 2999
1758 2982
1759 2315
1760 3414
1761 2589
1762 2922
1763 2452
1764 3123
1765 2521
1766 2357
1767 3177
1768 2213
1769 3514
1770 3875
1771 2417
1772 2235
1773 3147
1774 3424
1775 2913
1776 2846
1777 2820
1778 3196
1779 2625
1780 3188
1781 2532
1782 3155
1783 2730
1784 2953
1785 2978
1786 2518
1787 3639
1788 2800
1789 2553
1790 3131
1791 3127
1792 2995
1793 2811
1794 2440
1795 2695
1796 2976
1797 2723
1798 3020
1799 3095
1800 3213
1801 2779
1802 3020
1803 3453
1804 3038
1805 2957
1806 2585
1807 2738
1808 2916
1809 3230
1810 3162
1811 2116
1812 2502
1813 2592
1814 3155
1815 2585
1816 2131
1817 3022
1818 3301
1819 2830
1820 2695
1821 2814
1822 2285
1823 2540
1824 2230
1825 2578
1826 3803
1827 2818
1828 2229
1829 2368
1830 2989
1831 3349
1832 2581
1833 2190
1834 2902
1835 2790
1836 2416
1837 3106
1838 2936
1839 3259
1840 2673
1841 2770
1842 2414
1843 3350
1844 2401
1845 2691
1846 2869
1847 2635
1848 3128
1849 2761
1850 2495
1851 2461
1852 3284
1853 2905
1854 2539
1855 2844
1856 2214
1857 2330
1858 2563
1859 3201
1860 2697
1861 2354
1862 2548
1863 2801
1864 3079
1865 3071
1866 3029
1867 2606
1868 2487
1869 3147
1870 2758
1871 3221
1872 3182
1873 2638
1874 2998
1875 3085
1876 2801
1877 2492
1878 2294
1879 3255
1880 3166
1881 2936
1882 2654
1883 2916
1884 3628
1885 2785
1886 2311
1887 2723
1888 3113
1889 2886
1890 2702
1891 2383
1892 3228
1893 3540
1894 2986
1895 2617
1896 3417
1897 3278
1898 2598
1899 2906
1900 2599
1901 2665
1902 2430
1903 1814
1904 3384
1905 2648
1906 2840
1907 2753
1908 3128
1909 2479
1910 2715
1911 2314
1912 2949
1913 2503
1914 2844
1915 2464
1916 2050
1917 2274
1918 3249
1919 2264
1920 2492
1921 2785
1922 3165
1923 2824
1924 3266
1925 2611
1926 2094
1927 3031
1928 2747
1929 3077
1930 2877
1931 3338
1932 3023
1933 3185
1934 3218
1935 2434
1936 2224
1937 3223
1938 3115
1939 31138
1940 2872
1941 3076
1942 3033
1943 2970
1944 2754
1945 2899
1946 3054
1947 2635
1948 2628
1949 3533
1950 3343
1951 2379
1952 3092
1953 2885
1954 2533
1955 1997
1956 2370
1957 3160
1958 2656
1959 2820
1960 2848
1961 3383
1962 2949
1963 3009
1964 2458
1965 2351
1966 3317
1967 2190
1968 3416
1969 3466
1970 2809
1971 2242
1972 2080
1973 1747
1974 3190
1975 2476
1976 1991
1977 3088
1978 2252
1979 2775
1980 2475
1981 3261
1982 2046
1983 2612
1984 3180
1985 3606
1986 2717
1987 2720
1988 2948
1989 3746
1990 2890
1991 2893
1992 2762
1993 3592
1994 3346
1995 2810
1996 2466
1997 2549
1998 2056
1999 2617
2000 3091
2001 3020
2002 2759
2003 2494
2004 2657
2005 3170
2006 2806
2007 2275
2008 2897
2009 3368
2010 2697
2011 2754
2012 2146
2013 3373
2014 2659
2015 2262
2016 3103
2017 2689
2018 3215
2019 2021
2020 2934
2021 2320
2022 2242
2023 2414
2024 3318
2025 3287
2026 3382
2027 3483
2028 2960
2029 2859
2030 3008
2031 3449
2032 2496
2033 2818
2034 2818
2035 3054
2036 3343
2037 2676
2038 2023
2039 3305
2040 3111
2041 2875
2042 3556
2043 3078
2044 3106
2045 2779
2046 3296
2047 3055
2048 2667
2049 2757
2050 3323
2051 2502
2052 1847
2053 2643
2054 2833
2055 3281
2056 2529
2057 3333
2058 3395
2059 3083
2060 3187
2061 3010
2062 2888
2063 3129
2064 3000
2065 3389
2066 2564
2067 2840
2068 3126
2069 3083
2070 2067
2071 2476
2072 3001
2073 2485
2074 3102
2075 3125
2076 3348
2077 3213
2078 3078
2079 2926
2080 3217
2081 3367
2082 2732
2083 3371
2084 2990
2085 2894
2086 2529
2087 2574
2088 3356
2089 3202
2090 3010
2091 2648
2092 2709
2093 2964
2094 3542
2095 3421
2096 2672
2097 3022
2098 3159
2099 2308
2100 2873
2101 2761
2102 3593
2103 2934
2104 2758
2105 3409
2106 2389
2107 2626
2108 2847
2109 2810
2110 2863
2111 2926
2112 2903
2113 2573
2114 3362
2115 2362
2116 3509
2117 3487
2118 2668
2119 2852
2120 3487
2121 3059
2122 2153
2123 2401
2124 3194
2125 2562
2126 2894
2127 2973
2128 2469
2129 2936
2130 3309
2131 3047
2132 2745
2133 3221
2134 3042
2135 2801
2136 2652
2137 2971
2138 2258
2139 2341
2140 3606
2141 3486
2142 2833
2143 3370
2144 3208
2145 2092
2146 2129
2147 2621
2148 2931
2149 2738
2150 2659
2151 3620
2152 3136
2153 2617
2154 2578
2155 2564
2156 3400
2157 3338
2158 2491
2159 3459
2160 2249
2161 2653
2162 3466
2163 2523
2164 2785
2165 3349
2166 3222
2167 2769
2168 2704
2169 2848
2170 2489
2171 2699
2172 2500
2173 3303
2174 2810
2175 3189
2176 2993
2177 2506
2178 2514
2179 2502
2180 3029
2181 2727
2182 2551
2183 3559
2184 2664
2185 2536
2186 2642
2187 2797
2188 2527
2189 2893
2190 2818
2191 3541
2192 2453
2193 2236
2194 3888
2195 2477
2196 2775
2197 2312
2198 3463
2199 2940
2200 2691
2201 3319
2202 2783
2203 3215
2204 31446
2205 2754
2206 2847
2207 2233
2208 33577
2209 2836
2210 2998
2211 2778
2212 2929
2213 2287
2214 3533
2215 3111
2216 2658
2217 2032
2218 3657
2219 2281
2220 2971
2221 2844
2222 2681
2223 3156
2224 2091
2225 3530
2226 3383
2227 3146
2228 3324
2229 2738
2230 2407
2231 3265
2232 2686
2233 2351
2234 2818
2235 3233
2236 2908
2237 2891
2238 3229
2239 2866
2240 2252
2241 2044
2242 6165
2243 3440
2244 2204
2245 3273
2246 3392
2247 2951
2248 3159
2249 3109
2250 3080
2251 3631
2252 3772
2253 21897
2254 4208
2255 4086
2256 3311
2257 4757
2258 4001
2259 4228
2260 4028
2261 2808
2262 3074
2263 2991
2264 3143
2265 3998
2266 3659
2267 3229
2268 4925
2269 3365
2270 4011
2271 3458
2272 4333
2273 2996
2274 2916
2275 3423
2276 2937
2277 3467
2278 3250
2279 3607
2280 2842
2281 4206
2282 3039
2283 2638
2284 3015
2285 2790
2286 3032
2287 3435
2288 2972
2289 3371
2290 3783
2291 2001
2292 3256
2293 2420
2294 3261
2295 3261
2296 2745
2297 3087
2298 3988
2299 2981
2300 3855
2301 3663
2302 2120
2303 2860
2304 2943
2305 2564
2306 2345
2307 2780
2308 3211
2309 3040
2310 2777
2311 2995
2312 3235
2313 2685
2314 3223
2315 3451
2316 2838
2317 3017
2318 3217
2319 2796
2320 3506
2321 3400
2322 3086
2323 2741
2324 3000
2325 2791
2326 2905
2327 2628
2328 2809
2329 2914
2330 3048
2331 2958
2332 3019
2333 2210
2334 2705
2335 2446
2336 2888
2337 2447
2338 2795
2339 2717
2340 2494
2341 3315
2342 3173
2343 2433
2344 2870
2345 2721
2346 3216
2347 2628
2348 3278
2349 2883
2350 3062
2351 3657
2352 2660
2353 2917
2354 3091
2355 2518
2356 3539
2357 2655
2358 3418
2359 2807
2360 3115
2361 2699
2362 3491
2363 2595
2364 3263
2365 3077
2366 2360
2367 2190
2368 2638
2369 2712
2370 3322
2371 3146
2372 3091
2373 2742
2374 3351
2375 2191
2376 2797
2377 3041
2378 2561
2379 2473
2380 3040
2381 2484
2382 3162
2383 2540
2384 2767
2385 2599
2386 2843
2387 2931
2388 2464
2389 2864
2390 1730
2391 2233
2392 2699
2393 3973
2394 3316
2395 2555
2396 2738
2397 2765
2398 3466
2399 3574
2400 4002
2401 2802
2402 3446
2403 2242
2404 3105
2405 3031
2406 3269
2407 2392
2408 3437
2409 3155
2410 3050
2411 2559
2412 3663
2413 2984
2414 2844
2415 3243
2416 2731
2417 3534
2418 3173
2419 3272
2420 2997
2421 3027
2422 2631
2423 2354
2424 2364
2425 2834
2426 2753
2427 3384
2428 3464
2429 3175
2430 2662
2431 2995
2432 2712
2433 3803
2434 2753
2435 2495
2436 2657
2437 3818
2438 2506
2439 3010
2440 2758
2441 2920
2442 2747
2443 3470
2444 2995
2445 3355
2446 3238
2447 3304
2448 2377
2449 3298
2450 2870
2451 3362
2452 2587
2453 1995
2454 2192
2455 3307
2456 2410
2457 2783
2458 3032
2459 3070
2460 3021
2461 2686
2462 3030
2463 3138
2464 2292
2465 3464
2466 3283
2467 2572
2468 2924
2469 2336
2470 3190
2471 2291
2472 3050
2473 2671
2474 2690
2475 3014
2476 2558
2477 3250
2478 3370
2479 3074
2480 3007
2481 2806
2482 2143
2483 3099
2484 2341
2485 3135
2486 3494
2487 1979
2488 2924
2489 3672
2490 2134
2491 2913
2492 3954
2493 3147
2494 2965
2495 3348
2496 2864
2497 3045
2498 2961
2499 3053
2500 2464
2501 2741
2502 3073
2503 2238
2504 2752
2505 2921
2506 2363
2507 2328
2508 2884
2509 3304
2510 3604
2511 2732
2512 3230
2513 3237
2514 3109
2515 3046
2516 3528
2517 2875
2518 3494
2519 3258
2520 2571
2521 2311
2522 2779
2523 2702
2524 2454
2525 2783
2526 2871
2527 2434
2528 2503
2529 2410
2530 2534
2531 3647
2532 3719
2533 3319
2534 2804
2535 3292
2536 3654
2537 3051
2538 2917
2539 3088
2540 2611
2541 2575
2542 3359
2543 2926
2544 3254
2545 2100
2546 3011
2547 2975
2548 3135
2549 2986
2550 2681
2551 2643
2552 3379
2553 3093
2554 2325
2555 2956
2556 3335
2557 3137
2558 2674
2559 3084
2560 3173
2561 3646
2562 4096
2563 2674
2564 2922
2565 3095
2566 3093
2567 3180
2568 2873
2569 3252
2570 2605
2571 3547
2572 3381
2573 2804
2574 3402
2575 2656
2576 2946
2577 2803
2578 2504
2579 3113
2580 2984
2581 2751
2582 3643
2583 3127
2584 3019
2585 3186
2586 3723
2587 3320
2588 3444
2589 3251
2590 2315
2591 2895
2592 2966
2593 2045
2594 3191
2595 2769
2596 2835
2597 2741
2598 2615
2599 2069
2600 3503
2601 2572
2602 2352
2603 3355
2604 2297
2605 2767
2606 2931
2607 2517
2608 3352
2609 2759
2610 2596
2611 2081
2612 2807
2613 3240
2614 2576
2615 2549
2616 2252
2617 2747
2618 2978
2619 3341
2620 2376
2621 2343
2622 3339
2623 2997
2624 3356
2625 3287
2626 3759
2627 2797
2628 3182
2629 2808
2630 2908
2631 3008
2632 2493
2633 2705
2634 3341
2635 2933
2636 2841
2637 2663
2638 2767
2639 2932
2640 3223
2641 2743
2642 3066
2643 2403
2644 2532
2645 2282
2646 2836
2647 2415
2648 2175
2649 2699
2650 2794
2651 3067
2652 2615
2653 3162
2654 2995
2655 3458
2656 3242
2657 2706
2658 2651
2659 2272
2660 2863
2661 2395
2662 2677
2663 3476
2664 2426
2665 3310
2666 3000
2667 2765
2668 2973
2669 2806
2670 3533
2671 3509
2672 2957
2673 3722
2674 3609
2675 3316
2676 2743
2677 2806
2678 2662
2679 3292
2680 3901
2681 3415
2682 2756
2683 2966
2684 3136
2685 2813
2686 3360
2687 2554
2688 3119
2689 2644
2690 2897
2691 2616
2692 2772
2693 2417
2694 3254
2695 2974
2696 3012
2697 3490
2698 2516
2699 2990
2700 2148
2701 2741
2702 3144
2703 3103
2704 2773
2705 2777
2706 2837
2707 3142
2708 2566
2709 2938
2710 3601
2711 2944
2712 2736
2713 2300
2714 3160
2715 3423
2716 3483
2717 2359
2718 2725
2719 3182
2720 3580
2721 3171
2722 3616
2723 2993
2724 3122
2725 3090
2726 3218
2727 3592
2728 2502
2729 2740
2730 3106
2731 3213
2732 3222
2733 3748
2734 3143
2735 3005
2736 2264
2737 2804
2738 2799
2739 2136
2740 2505
2741 3430
2742 2909
2743 2891
2744 3189
2745 2849
2746 3706
2747 2849
2748 2904
2749 2767
2750 2657
2751 2895
2752 2924
2753 2858
2754 2541
2755 2706
2756 3920
2757 3686
2758 3009
2759 3182
2760 3366
2761 2680
2762 2627
2763 2858
2764 3268
2765 1795
2766 2846
2767 2957
2768 2793
2769 4186
2770 3266
2771 3019
2772 3189
2773 3237
2774 3330
2775 2598
2776 1847
2777 3219
2778 2877
2779 3122
2780 2549
2781 3060
2782 3224
2783 2479
2784 2868
2785 2953
2786 3112
2787 2569
2788 3272
2789 3331
2790 2345
2791 3207
2792 3652
2793 2952
2794 2571
2795 1747
2796 3116
2797 2762
2798 3803
2799 3157
2800 2857
2801 3145
2802 3084
2803 2445
2804 1942
2805 2537
2806 3264
2807 3092
2808 3427
2809 3543
2810 2869
2811 2641
2812 3254
2813 2614
2814 2088
2815 3745
2816 2973
2817 3394
2818 2949
2819 3269
2820 3045
2821 2466
2822 2245
2823 3879
2824 2674
2825 3158
2826 3190
2827 2859
2828 3096
2829 2842
2830 3191
2831 2807
2832 3661
2833 3663
2834 3615
2835 2802
2836 3285
2837 3193
2838 4210
2839 2783
2840 2898
2841 3084
2842 2403
2843 2581
2844 3046
2845 3252
2846 2972
2847 3111
2848 3250
2849 3024
2850 1858
2851 2548
2852 2771
2853 2769
2854 2751
2855 3386
2856 2968
2857 2496
2858 3198
2859 3421
2860 2883
2861 2309
2862 3139
2863 3068
2864 2537
2865 2956
2866 2944
2867 2787
2868 2820
2869 2751
2870 3037
2871 2760
2872 3652
2873 3229
2874 2813
2875 3178
2876 2757
2877 3707
2878 2757
2879 3190
2880 2610
2881 3103
2882 3682
2883 3140
2884 2161
2885 3780
2886 3570
2887 2560
2888 2875
2889 3191
2890 2253
2891 3365
2892 3001
2893 2070
2894 2335
2895 2878
2896 2447
2897 2379
2898 3073
2899 3342
2900 2949
2901 2981
2902 2618
2903 3469
2904 3324
2905 2838
2906 2928
2907 2598
2908 2283
2909 3295
2910 3041
2911 3296
2912 3257
2913 3139
2914 3534
2915 2817
2916 2753
2917 2793
2918 2789
2919 3561
2920 3088
2921 2345
2922 3005
2923 3279
2924 3640
2925 2223
2926 2429
2927 3059
2928 3538
2929 3074
2930 2560
2931 2648
2932 2988
2933 2732
2934 3180
2935 2280
2936 2547
2937 3247
2938 3275
2939 3257
2940 3350
2941 1965
2942 3275
2943 2807
2944 3397
2945 3184
2946 3618
2947 3398
2948 3465
2949 3918
2950 2936
2951 2628
2952 3669
2953 3021
2954 2723
2955 2674
2956 2781
2957 3744
2958 2894
2959 3805
2960 3153
2961 2496
2962 3653
2963 3008
2964 3618
2965 2729
2966 3167
2967 2948
2968 2978
2969 2709
2970 3219
2971 2998
2972 3521
2973 3667
2974 2875
2975 3450
2976 2466
2977 2926
2978 2923
2979 2764
2980 3855
2981 2685
2982 3055
2983 3043
2984 3366
2985 3179
2986 2986
2987 2571
2988 3096
2989 3162
2990 3052
2991 3465
2992 3830
2993 3033
2994 3799
2995 3439
2996 2563
2997 3786
2998 2476
2999 2479
3000 2564
3001 3247
3002 3165
3003 2270
3004 3324
3005 2789
3006 2798
3007 3399
3008 2945
3009 3007
3010 2685
3011 3096
3012 2987
3013 2813
3014 2791
3015 2699
3016 3194
3017 3013
3018 2508
3019 2854
3020 3051
3021 2854
3022 3416
3023 3120
3024 3601
3025 2485
3026 3410
3027 3063
3028 2843
3029 3139
3030 3125
3031 3156
3032 3347
3033 3150
3034 3070
3035 1843
3036 3098
3037 2418
3038 2932
3039 2868
3040 3470
3041 2977
3042 2994
3043 2939
3044 3189
3045 3048
3046 3163
3047 3217
3048 2933
3049 3514
3050 2829
3051 2952
3052 2904
3053 2723
3054 3198
3055 3661
3056 3369
3057 3171
3058 2222
3059 3274
3060 3359
3061 3493
3062 3317
3063 2924
3064 2640
3065 2273
3066 2834
3067 2649
3068 2710
3069 3409
3070 2405
3071 3378
3072 2769
3073 3249
3074 3102
3075 2380
3076 2514
3077 2792
3078 2772
3079 3130
3080 3158
3081 2754
3082 3150
3083 2951
3084 2522
3085 3246
3086 2707
3087 2730
3088 3134
3089 2966
3090 2720
3091 2929
3092 3287
3093 4231
3094 3033
3095 3806
3096 3603
3097 3091
3098 3773
3099 3517
3100 3644
3101 3740
3102 3827
3103 2732
3104 3815
3105 3048
3106 2581
3107 2883
3108 2295
3109 3248
3110 3778
3111 2644
3112 4223
3113 3505
3114 3572
3115 3442
3116 3061
3117 2592
3118 2997
3119 2845
3120 3523
3121 3573
3122 3332
3123 3564
3124 2873
3125 1977
3126 3104
3127 2262
3128 2889
3129 2556
3130 2665
3131 3028
3132 3585
3133 3300
3134 2522
3135 2767
3136 2491
3137 3408
3138 3683
3139 2600
3140 2353
3141 3596
3142 3112
3143 2862
3144 3301
3145 3306
3146 3201
3147 2797
3148 2503
3149 2836
3150 3312
3151 2669
3152 2868
3153 3124
3154 2994
3155 2493
3156 3856
3157 3612
3158 3377
3159 2696
3160 3233
3161 4070
3162 3505
3163 3408
3164 2939
3165 3060
3166 3338
3167 3412
3168 3677
3169 3333
3170 2679
3171 2671
3172 4327
3173 3128
3174 2265
3175 2921
3176 3003
3177 2740
3178 3834
3179 5547
3180 2111
3181 3101
3182 3040
3183 3247
3184 2487
3185 2852
3186 2348
3187 3147
3188 2564
3189 2887
3190 3552
3191 2493
3192 2661
3193 2683
3194 2876
3195 2635
3196 2880
3197 3092
3198 3519
3199 2869
3200 3400
3201 2942
3202 3956
3203 3110
3204 3557
3205 3680
3206 3033
3207 3047
3208 3441
3209 3634
3210 3319
3211 2779
3212 2762
3213 2078
3214 3389
3215 3503
3216 3484
3217 2547
3218 2439
3219 2993
3220 2453
3221 2838
3222 2818
3223 2946
3224 2679
3225 2681
3226 2889
3227 2706
3228 3006
3229 2840
3230 2991
3231 3969
3232 3119
3233 4265
3234 2410
3235 3659
3236 4002
3237 3393
3238 3292
3239 3283
3240 3244
3241 3049
3242 3436
3243 2975
3244 3312
3245 2837
3246 3059
3247 2757
3248 2841
3249 2973
3250 3399
3251 3757
3252 3436
3253 3057
3254 2885
3255 3278
3256 3530
3257 2470
3258 3009
3259 3154
3260 3258
3261 2776
3262 3424
3263 2707
3264 3334
3265 3413
3266 3036
3267 3222
3268 3848
3269 3796
3270 2877
3271 2743
3272 3740
3273 2281
3274 3333
3275 2382
3276 3151
3277 2683
3278 2571
3279 3212
3280 3585
3281 3348
3282 2726
3283 3081
3284 3450
3285 4071
3286 2696
3287 2496
3288 2927
3289 2897
3290 2868
3291 3123
3292 3357
3293 3159
3294 3013
3295 2806
3296 2431
3297 3572
3298 3047
3299 2917
3300 3112
3301 2798
3302 2993
3303 2636
3304 3865
3305 3337
3306 2953
3307 3675
3308 3587
3309 3412
3310 2996
3311 3634
3312 3221
3313 2896
3314 2839
3315 3024
3316 3477
3317 2513
3318 2973
3319 2537
3320 3315
3321 3423
3322 3141
3323 3767
3324 2790
3325 2590
3326 3243
3327 3276
3328 3121
3329 2436
3330 2995
3331 3344
3332 3004
3333 2958
3334 2892
3335 3151
3336 2606
3337 3363
3338 3074
3339 3308
3340 3206
3341 2752
3342 3211
3343 3078
3344 3448
3345 2837
3346 3669
3347 3124
3348 2704
3349 2922
3350 3271
3351 2625
3352 3233
3353 3263
3354 2754
3355 3539
3356 2738
3357 2968
3358 2382
3359 2832
3360 3311
3361 3024
3362 3078
3363 2446
3364 3101
3365 2652
3366 32845
3367 3370
3368 3056
3369 3919
3370 2514
3371 3086
3372 3101
3373 2880
3374 2590
3375 6004
3376 3218
3377 2433
3378 3069
3379 4157
3380 2903
3381 3307
3382 3576
3383 2288
3384 3169
3385 3346
3386 3537
3387 2819
3388 2713
3389 3865
3390 3513
3391 4435
3392 3711
3393 2773
3394 2476
3395 3412
3396 3174
3397 3519
3398 3542
3399 3263
3400 3251
3401 2821
3402 2757
3403 3076
3404 3872
3405 2801
3406 3089
3407 3670
3408 3173
3409 2624
3410 2598
3411 2785
3412 3255
3413 2720
3414 3059
3415 3309
3416 3405
3417 3394
3418 3895
3419 3697
3420 2816
3421 2992
3422 3297
3423 3176
3424 2698
3425 3343
3426 3205
3427 2746
3428 2931
3429 18220
3430 3526
3431 4474
3432 3564
3433 3290
3434 3720
3435 3618
3436 3896
3437 3370
3438 3628
3439 3900
3440 3385
3441 3023
3442 2564
3443 4328
3444 3701
3445 3748
3446 3614
3447 3524
3448 3840
3449 3671
3450 3711
3451 3608
3452 4225
3453 4000
3454 3511
3455 3267
3456 3084
3457 3810
3458 3454
3459 4949
3460 5230
3461 5153
3462 5246
3463 3740
3464 5616
3465 4845
3466 6169
3467 4995
3468 4436
3469 4763
3470 4948
3471 3333
3472 4015
3473 3619
3474 4296
3475 4310
3476 4246
3477 4423
3478 4874
3479 3150
3480 3824
3481 3612
3482 3608
3483 3881
3484 2810
3485 3460
3486 3109
3487 4069
3488 5726
3489 5323
3490 6381
3491 5397
3492 4202
3493 5115
3494 4449
3495 3701
3496 3387
3497 3515
3498 3065
3499 3892
3500 2975
3501 3391
3502 3292
3503 3070
3504 3612
3505 3796
3506 3767
3507 3694
3508 3774
3509 2619
3510 2740
3511 2885
3512 2679
3513 2873
3514 2832
3515 3459
3516 2288
3517 3317
3518 3357
3519 3564
3520 2620
3521 2391
3522 2977
3523 3035
3524 3696
3525 2862
3526 3187
3527 2670
3528 2690
3529 3538
3530 2748
3531 2400
3532 3160
3533 2446
3534 4009
3535 1960
3536 2755
3537 3270
3538 3335
3539 2734
3540 5027
3541 4636
3542 5543
3543 6450
3544 9017
3545 5187
3546 10390
3547 11037
3548 17604
3549 5376
3550 5859
3551 5630
3552 4213
3553 5677
3554 4869
3555 6954
3556 4623
3557 6807
3558 4490
3559 62824
3560 4718
3561 4325
3562 5639
3563 4633
3564 4412
3565 4365
3566 5633
3567 5483
3568 4047
3569 3160
3570 3409
3571 3322
3572 3189
3573 2344
3574 3368
3575 2227
3576 2730
3577 2848
3578 2942
3579 2905
3580 2428
3581 3192
3582 3031
3583 1968
3584 2913
3585 2509
3586 2849
3587 3026
3588 2986
3589 3249
3590 3569
3591 2471
3592 2703
3593 3331
3594 2825
3595 3894
3596 2686
3597 2644
3598 2657
3599 2937
3600 3465
3601 2685
3602 2987
3603 2809
3604 2875
3605 2201
3606 2667
3607 2602
3608 2324
3609 3022
3610 3241
3611 2726
3612 2217
3613 3030
3614 3065
3615 2813
3616 2824
3617 2991
3618 4225
3619 3356
3620 3228
3621 2968
3622 3036
3623 2540
3624 3038
3625 3473
3626 3588
3627 2547
3628 3257
3629 2912
3630 3126
3631 2990
3632 2247
3633 2936
3634 2867
3635 2052
3636 2849
3637 2679
3638 2537
3639 2647
3640 3779
3641 2378
3642 2560
3643 3477
3644 25549
3645 2251
3646 3093
3647 3189
3648 3546
3649 3166
3650 3074
3651 3645
3652 2688
3653 3210
3654 3185
3655 3793
3656 3348
3657 3148
3658 3444
3659 3071
3660 2903
3661 3050
3662 3385
3663 3083
3664 2762
3665 3195
3666 3481
3667 2781
3668 2871
3669 3562
3670 3514
3671 3431
3672 3287
3673 3621
3674 2916
3675 3463
3676 2942
3677 2340
3678 3054
3679 3495
3680 3645
3681 5593
3682 6009
3683 5335
3684 5216
3685 4843
3686 5077
3687 4277
3688 5797
3689 5118
3690 5432
3691 4744
3692 3698
3693 3022
3694 3423
3695 2489
3696 3112
3697 3232
3698 3276
3699 3415
3700 2513
3701 2560
3702 2960
3703 3006
3704 3114
3705 2846
3706 2857
3707 3516
3708 3319
3709 3353
3710 3185
3711 3228
3712 2580
3713 3340
3714 3159
3715 3039
3716 2984
3717 2161
3718 2999
3719 2997
3720 2785
3721 3302
3722 2457
3723 3871
3724 2683
3725 2590
3726 2613
3727 2600
3728 2472
3729 3034
3730 2772
3731 2994
3732 2536
3733 2704
3734 2775
3735 2831
3736 3254
3737 3025
3738 3015
3739 3109
3740 2635
3741 2776
3742 2571
3743 3044
3744 4449
3745 4499
3746 4801
3747 4436
3748 4950
3749 5877
3750 5798
3751 7123
3752 6962
3753 5162
3754 4389
3755 5546
3756 5271
3757 4593
3758 4696
3759 3927
3760 6757
3761 4756
3762 6578
3763 5058
3764 4717
3765 6461
3766 5971
3767 5565
3768 8326
3769 4355
3770 4595
3771 4619
3772 4353
3773 3924
3774 6237
3775 4056
3776 4007
3777 2985
3778 3490
3779 4578
3780 4185
3781 3953
3782 4116
3783 3769
3784 3456
3785 4088
3786 5309
3787 4866
3788 8025
3789 5264
3790 6118
3791 10280
3792 4187
3793 6407
3794 5149
3795 4824
3796 3368
3797 3151
3798 6862
3799 5139
3800 9592
3801 4369
3802 5244
3803 6013
3804 4985
3805 3767
3806 4170
3807 4681
3808 4030
3809 4542
3810 4668
3811 3219
3812 5036
3813 4334
3814 5325
3815 5604
3816 3655
3817 4540
3818 5454
3819 5185
3820 5522
3821 5939
3822 5777
3823 4215
3824 4658
3825 5921
3826 5348
3827 4116
3828 4678
3829 5646
3830 4998
3831 5381
3832 5888
3833 4180
3834 8795
3835 5287
3836 7340
3837 10197
3838 4738
3839 5072
3840 5977
3841 6687
3842 5731
3843 5068
3844 4868
3845 4505
3846 5532
3847 5447
3848 5216
3849 5697
3850 5893
3851 8386
3852 5165
3853 5761
3854 5566
3855 5385
3856 5411
3857 4818
3858 5438
3859 5877
3860 5609
3861 5805
3862 4691
3863 5251
3864 5123
3865 4006
3866 4938
3867 6334
3868 5651
3869 7141
3870 4972
3871 5265
3872 4069
3873 3575
3874 5713
3875 4071
3876 5006
3877 5213
3878 5463
3879 5721
3880 5741
3881 10068
3882 4335
3883 5713
3884 4941
3885 3707
3886 4002
3887 3173
3888 3991
3889 4531
3890 3595
3891 4257
3892 2999
3893 3083
3894 3960
3895 2631
3896 1939
3897 3158
3898 2748
3899 2461
3900 2951
3901 3354
3902 2635
3903 3140
3904 3348
3905 2302
3906 2794
3907 2986
3908 2664
3909 3180
3910 2572
3911 2423
3912 3187
3913 3189
3914 2705
3915 3174
3916 3042
3917 2540
3918 3736
3919 3840
3920 3757
3921 3078
3922 3442
3923 3376
3924 2808
3925 2420
3926 4324
3927 3774
3928 3345
3929 3030
3930 4260
3931 3963
3932 4453
3933 4672
3934 6178
3935 5042
3936 3908
3937 3397
3938 3719
3939 3697
3940 3889
3941 7219
3942 3572
3943 3457
3944 3598
3945 3179
3946 4121
3947 2936
3948 3646
3949 4622
3950 4237
3951 3389
3952 3105
3953 3174
3954 2787
3955 2766
3956 3796
3957 3093
3958 4064
3959 3226
3960 3226
3961 3886
3962 3893
3963 3135
3964 3579
3965 2440
3966 3200
3967 3782
3968 3308
3969 3453
3970 2858
3971 3114
3972 3938
3973 4263
3974 3448
3975 3969
3976 3532
3977 2841
3978 3011
3979 3755
3980 3232
3981 2623
3982 3096
3983 2580
3984 3856
3985 3501
3986 3364
3987 3051
3988 18566
3989 2918
3990 3032
3991 2662
3992 3767
3993 3401
3994 3609
3995 3381
3996 3733
3997 4805
3998 3306
3999 3345
4000 3348
4001 3432
4002 3214
4003 4725
4004 4698
4005 5751
4006 4996
4007 5233
4008 5824
4009 4718
4010 5112
4011 4683
4012 5064
4013 4402
4014 5327
4015 5257
4016 5110
4017 4395
4018 3624
4019 4615
4020 3717
4021 4002
4022 5102
4023 3970
4024 4949
4025 5221
4026 5498
4027 4394
4028 4643
4029 4421
4030 4355
4031 3708
4032 4052
4033 4529
4034 4666
4035 4071
4036 4350
4037 3933
4038 4062
4039 3618
4040 3825
4041 4343
4042 4321
4043 4923
4044 4266
4045 4261
4046 4478
4047 4921
4048 4954
4049 5326
4050 4227
4051 5293
4052 4726
4053 5780
4054 4892
4055 5027
4056 5243
4057 4927
4058 5536
4059 4074
4060 4165
4061 3009
4062 4902
4063 3918
4064 4233
4065 5078
4066 4984
4067 4611
4068 4057
4069 4214
4070 4760
4071 4784
4072 4726
4073 4665
4074 3487
4075 4087
4076 3996
4077 4720
4078 7707
4079 4046
4080 3330
4081 4991
4082 4069
4083 4430
4084 4271
4085 3508
4086 3486
4087 4768
4088 3564
4089 3286
4090 4238
4091 5584
4092 3296
4093 107328
4094 5027
4095 4486
4096 5192
4097 4521
4098 4595
4099 6125
4100 5130
4101 4059
4102 8248
4103 5799
4104 10490
4105 6012
4106 5951
4107 7299
4108 5004
4109 5157
4110 4048
4111 4297
4112 5166
4113 4523
4114 4602
4115 5382
4116 4829
4117 3995
4118 4148
4119 3755
4120 4314
4121 5003
4122 4450
4123 3782
4124 3224
4125 3964
4126 3952
4127 5380
4128 4697
4129 3092
4130 5415
4131 5699
4132 6816
4133 5414
4134 4808
4135 4645
4136 5986
4137 5704
4138 6150
4139 4826
4140 6173
4141 5938
4142 5732
4143 4411
4144 5115
4145 4828
4146 5898
4147 4480
4148 5052
4149 4776
4150 7861
4151 5337
4152 5493
4153 8493
4154 6357
4155 4793
4156 6535
4157 4889
4158 5576
4159 7721
4160 5904
4161 4692
4162 6947
4163 10902
4164 9163
4165 5256
4166 6418
4167 6489
4168 5587
4169 5726
4170 4704
4171 6372
4172 5542
4173 5136
4174 59389
4175 4953
4176 5661
4177 4495
4178 4614
4179 4859
4180 6370
4181 5173
4182 4803
4183 4055
4184 5979
4185 4530
4186 4185
4187 5881
4188 4281
4189 4389
4190 5947
4191 5499
4192 7770
4193 5069
4194 5682
4195 3928
4196 4584
4197 4822
4198 3862
4199 4692
4200 4317
4201 5388
4202 4181
4203 4474
4204 3269
4205 6004
4206 4961
4207 4007
4208 3393
4209 2935
4210 4528
4211 4287
4212 4361
4213 4472
4214 3484
4215 3844
4216 4206
4217 5767
4218 5163
4219 4908
4220 5081
4221 4881
4222 4483
4223 4719
4224 5071
4225 4619
4226 5336
4227 5249
4228 4203
4229 3996
4230 3948
4231 3250
4232 3104
4233 3963
4234 3779
4235 3194
4236 1838
4237 3101
4238 3857
4239 3608
4240 2831
4241 3418
4242 3966
4243 3631
4244 4339
4245 5675
4246 5406
4247 4566
4248 6066
4249 65344
4250 5981
4251 5228
4252 4013
4253 4296
4254 5221
4255 5160
4256 4388
4257 6188
4258 4304
4259 4087
4260 5707
4261 3951
4262 4738
4263 3853
4264 4008
4265 3909
4266 3428
4267 3473
4268 3719
4269 3632
4270 3330
4271 3701
4272 3103
4273 2978
4274 3027
4275 3900
4276 3135
4277 3819
4278 3513
4279 3163
4280 3608
4281 3016
4282 3094
4283 2302
4284 2985
4285 3618
4286 3193
4287 3118
4288 3278
4289 3459
4290 3422
4291 4296
4292 3567
4293 4189
4294 3635
4295 3932
4296 3981
4297 3321
4298 3024
4299 3922
4300 4080
4301 3605
4302 2768
4303 2071
4304 2878
4305 2941
4306 2951
4307 3220
4308 3598
4309 2630
4310 4155
4311 3212
4312 2984
4313 4134
4314 4373
4315 4667
4316 4565
4317 4687
4318 5269
4319 5165
4320 4423
4321 6086
4322 6382
4323 5588
4324 5340
4325 3677
4326 4188
4327 4202
4328 4590
4329 5261
4330 4906
4331 4951
4332 6108
4333 3967
4334 7213
4335 5399
4336 4132
4337 4987
4338 3665
4339 3369
4340 3557
4341 4812
4342 3847
4343 5642
4344 5135
4345 5633
4346 5442
4347 4730
4348 4841
4349 6686
4350 5846
4351 5720
4352 7329
4353 4742
4354 4310
4355 5164
4356 3553
4357 3998
4358 7128
4359 5304
4360 5273
4361 6148
4362 4148
4363 5142
4364 5832
4365 5878
4366 4665
4367 5534
4368 6677
4369 5490
4370 5098
4371 4382
4372 4936
4373 3513
4374 4645
4375 6436
4376 4962
4377 6216
4378 5663
4379 6189
4380 4956
4381 5076
4382 5217
4383 6306
4384 5780
4385 5529
4386 5186
4387 8190
4388 4891
4389 4567
4390 4274
4391 4859
4392 7621
4393 5800
4394 4880
4395 5632
4396 5275
4397 4942
4398 6330
4399 5597
4400 6211
4401 3380
4402 3032
4403 3934
4404 4099
4405 3849
4406 4066
4407 5265
4408 4931
4409 5191
4410 5017
4411 4003
4412 3797
4413 4692
4414 4965
4415 3945
4416 3676
4417 3407
4418 4268
4419 4166
4420 4219
4421 5169
4422 3187
4423 4537
4424 4844
4425 5218
4426 4021
4427 3487
4428 6307
4429 4409
4430 3871
4431 4408
4432 5064
4433 5084
4434 5340
4435 3841
4436 3867
4437 4348
4438 5539
4439 6214
4440 4906
4441 4830
4442 5331
4443 4903
4444 2761
4445 2984
4446 3262
4447 3430
4448 2681
4449 2904
4450 2809
4451 3858
4452 3856
4453 3986
4454 3330
4455 3274
4456 3368
4457 3094
4458 3897
4459 3087
4460 3431
4461 3012
4462 3028
4463 3070
4464 2679
4465 2929
4466 2872
4467 2857
4468 2483
4469 4476
4470 3943
4471 3131
4472 3695
4473 3081
4474 3453
4475 3819
4476 3868
4477 3220
4478 3703
4479 3382
4480 3842
4481 3062
4482 3814
4483 3097
4484 3111
4485 3846
4486 3971
4487 2846
4488 3548
4489 2452
4490 3095
4491 2883
4492 3324
4493 3075
4494 3045
4495 3537
4496 3843
4497 2966
4498 3250
4499 3048
4500 2687
4501 2610
4502 2710
4503 2612
4504 3004
4505 2312
4506 2808
4507 2942
4508 2423
4509 2700
4510 3264
4511 3420
4512 2902
4513 3062
4514 2556
4515 3348
4516 2224
4517 2579
4518 2647
4519 2807
4520 2656
4521 2801
4522 3344
4523 3708
4524 3385
4525 2374
4526 3097
4527 2894
4528 3212
4529 3101
4530 2632
4531 3318
4532 3866
4533 3504
4534 2622
4535 3508
4536 2990
4537 2823
4538 2701
4539 2427
4540 3534
4541 3074
4542 3231
4543 3466
4544 3360
4545 3342
4546 3361
4547 2812
4548 3359
4549 2611
4550 3172
4551 2871
4552 2642
4553 2396
4554 2453
4555 3078
4556 3546
4557 3015
4558 3061
4559 3395
4560 3170
4561 2943
4562 2945
4563 3087
4564 2626
4565 2990
4566 2276
4567 3367
4568 2662
4569 2655
4570 2830
4571 2465
4572 3605
4573 2944
4574 2999
4575 3118
4576 2977
4577 2600
4578 2898
4579 2947
4580 3896
4581 2829
4582 2749
4583 3066
4584 2636
4585 3469
4586 2926
4587 2657
4588 3133
4589 3679
4590 3061
4591 2405
4592 3009
4593 2821
4594 2561
4595 5318
4596 2550
4597 2708
4598 2487
4599 2854
4600 3127
4601 2869
4602 1650
4603 3336
4604 3026
4605 2418
4606 2622
4607 3267
4608 2452
4609 3081
4610 2890
4611 3354
4612 3311
4613 3572
4614 3649
4615 3028
4616 2343
4617 3475
4618 3819
4619 2789
4620 4234
4621 2693
4622 3864
4623 3734
4624 3834
4625 3557
4626 4457
4627 4929
4628 3759
4629 4227
4630 4883
4631 3897
4632 5257
4633 3960
4634 6820
4635 5768
4636 4546
4637 4551
4638 6115
4639 6120
4640 4033
4641 4749
4642 4044
4643 26947
4644 4688
4645 5908
4646 4809
4647 4309
4648 5007
4649 6586
4650 7027
4651 5439
4652 4229
4653 4599
4654 6718
4655 4589
4656 3848
4657 5133
4658 4250
4659 4025
4660 5137
4661 4374
4662 4790
4663 4817
4664 3978
4665 4809
4666 5998
4667 6524
4668 3908
4669 5520
4670 6389
4671 11120
4672 3795
4673 4704
4674 5721
4675 4172
4676 5169
4677 5224
4678 5721
4679 6033
4680 5780
4681 5975
4682 4668
4683 4433
4684 5520
4685 4121
4686 3695
4687 3405
4688 3664
4689 2635
4690 1948
4691 3384
4692 3015
4693 2903
4694 3053
4695 3064
4696 3272
4697 2368
4698 2253
4699 3044
4700 3244
4701 2777
4702 2872
4703 2777
4704 2783
4705 3109
4706 3052
4707 2494
4708 3056
4709 3346
4710 3340
4711 3316
4712 3447
4713 3594
4714 3266
4715 3358
4716 3290
4717 3524
4718 2911
4719 4294
4720 3170
4721 2533
4722 3280
4723 3173
4724 2017
4725 3299
4726 3358
4727 3232
4728 3518
4729 2576
4730 2618
4731 2801
4732 3232
4733 2778
4734 2974
4735 3206
4736 2692
4737 3611
4738 2942
4739 3424
4740 2574
4741 3113
4742 3446
4743 2763
4744 2794
4745 3541
4746 3203
4747 3332
4748 2676
4749 3765
4750 3137
4751 2564
4752 2822
4753 3036
4754 3282
4755 3345
4756 2922
4757 2674
4758 2794
4759 4104
4760 3963
4761 4154
4762 2615
4763 3096
4764 2353
4765 3259
4766 3781
4767 3070
4768 2623
4769 3325
4770 2792
4771 3388
4772 3732
4773 3609
4774 1998
4775 3004
4776 2245
4777 3179
4778 2768
4779 3166
4780 4004
4781 3074
4782 3348
4783 2493
4784 3422
4785 2971
4786 2763
4787 3351
4788 3580
4789 4067
4790 2868
4791 3189
4792 3288
4793 2709
4794 3282
4795 2792
4796 3580
4797 2606
4798 2462
4799 2625
4800 3661
4801 2961
4802 2718
4803 2396
4804 2629
4805 2928
4806 3121
4807 3108
4808 2355
4809 2730
4810 2168
4811 2391
4812 2989
4813 4511
4814 3473
4815 3075
4816 3872
4817 3370
4818 3127
4819 2796
4820 3161
4821 3044
4822 3020
4823 2458
4824 2737
4825 2300
4826 2719
4827 2666
4828 2682
4829 3035
4830 2829
4831 2039
4832 2949
4833 3069
4834 3237
4835 2926
4836 3002
4837 2962
4838 2184
4839 3320
4840 2842
4841 2966
4842 2554
4843 2112
4844 3374
4845 3613
4846 3082
4847 2906
4848 3719
4849 2795
4850 3897
4851 2898
4852 3429
4853 3074
4854 3699
4855 3518
4856 2790
4857 2906
4858 3482
4859 3213
4860 3570
4861 3319
4862 3223
4863 2578
4864 2638
4865 2738
4866 2797
4867 3011
4868 3513
4869 2301
4870 3189
4871 3980
4872 3465
4873 3009
4874 3220
4875 2958
4876 3203
4877 2697
4878 2781
4879 3370
4880 2720
4881 2676
4882 3230
4883 3202
4884 3535
4885 3219
4886 2441
4887 2931
4888 2649
4889 2573
4890 2130
4891 2874
4892 3363
4893 3363
4894 2567
4895 2729
4896 1883
4897 3413
4898 3008
4899 2708
4900 2957
4901 2992
4902 3068
4903 3481
4904 3785
4905 3343
4906 3048
4907 2644
4908 2712
4909 2184
4910 2735
4911 3066
4912 2629
4913 2909
4914 3101
4915 3953
4916 2677
4917 2920
4918 3426
4919 2485
4920 2999
4921 3397
4922 3021
4923 3759
4924 2988
4925 3905
4926 2987
4927 2913
4928 3942
4929 3001
4930 2564
4931 3025
4932 3189
4933 3500
4934 2863
4935 3261
4936 3705
4937 3115
4938 3507
4939 3215
4940 3121
4941 3445
4942 3158
4943 2753
4944 2743
4945 2454
4946 3539
4947 3418
4948 3720
4949 2699
4950 3122
4951 2875
4952 2830
4953 2697
4954 3611
4955 2836
4956 3215
4957 3745
4958 3153
4959 2670
4960 3238
4961 3091
4962 3036
4963 3252
4964 3045
4965 3498
4966 3247
4967 2448
4968 3202
4969 2620
4970 2776
4971 3754
4972 3323
4973 3234
4974 2941
4975 3535
4976 2702
4977 2725
4978 2743
4979 3245
4980 3488
4981 2706
4982 2542
4983 3785
4984 2700
4985 3343
4986 2009
4987 2874
4988 3201
4989 2762
4990 3029
4991 3368
4992 2712
4993 3271
4994 3225
4995 2622
4996 3544
4997 3673
4998 2848
4999 3551
