# array_size time
1 97705
2 130455
3 119783
4 120953
5 115524
6 93236
7 79495
8 111832
9 82122
10 126533
11 137297
12 116618
13 128282
14 120087
15 117264
16 136724
17 91638
18 132666
19 133524
20 129662
21 132428
22 130615
23 117470
24 115267
25 132348
26 120500
27 125669
28 127429
29 132280
30 132701
31 128373
32 134192
33 134142
34 127144
35 138863
36 129890
37 130886
38 112163
39 128598
40 132282
41 124139
42 132449
43 133895
44 134148
45 129742
46 129870
47 130598
48 133491
49 139429
50 133783
51 139709
52 135328
53 138190
54 134102
55 135028
56 134366
57 135873
58 134767
59 137298
60 140456
61 149051
62 142672
63 138470
64 138705
65 139223
66 140133
67 136026
68 132706
69 135768
70 141204
71 135757
72 129491
73 136868
74 136145
75 137059
76 137796
77 137781
78 138395
79 133491
80 138056
81 137743
82 137387
83 139518
84 140723
85 139833
86 139603
87 136483
88 140396
89 140621
90 142787
91 168059
92 154276
93 142604
94 140671
95 142998
96 142991
97 144846
98 144322
99 142386
100 142638
101 144666
102 143443
103 144816
104 143673
105 141490
106 145432
107 144526
108 140585
109 141429
110 145372
111 143500
112 138314
113 139285
114 140599
115 138208
116 139539
117 132521
118 135876
119 137413
120 149748
121 133433
122 135363
123 132490
124 147611
125 133827
126 131091
127 133238
128 142512
129 129398
130 130365
131 130874
132 133453
133 130891
134 131102
135 130971
136 131122
137 132000
138 131658
139 131893
140 132824
141 131540
142 133257
143 133440
144 133118
145 134686
146 134254
147 134450
148 133209
149 135071
150 135262
151 134120
152 135402
153 136181
154 136135
155 137044
156 136639
157 138411
158 137354
159 137405
160 136697
161 138224
162 138768
163 137489
164 138435
165 138448
166 139467
167 139145
168 138584
169 140856
170 140296
171 142394
172 139451
173 139116
174 140515
175 139105
176 140424
177 141241
178 141155
179 142663
180 139750
181 141311
182 147174
183 140845
184 141688
185 143671
186 142029
187 143154
188 142394
189 143537
190 144281
191 144340
192 143419
193 144302
194 145044
195 143357
196 144356
197 144865
198 145308
199 145865
200 144562
201 146339
202 145706
203 145854
204 150635
205 148615
206 146654
207 147973
208 199354
209 148860
210 147226
211 150082
212 149030
213 148883
214 148146
215 150392
216 149132
217 148567
218 149629
219 150041
220 149888
221 149513
222 152412
223 155183
224 151932
225 151851
226 152122
227 152502
228 152054
229 152440
230 214840
231 152687
232 153737
233 154467
234 155155
235 155015
236 155936
237 153793
238 154738
239 154008
240 154914
241 155335
242 155351
243 154716
244 154660
245 157482
246 156973
247 156011
248 155406
249 157003
250 156674
251 156969
252 158428
253 159489
254 158500
255 159245
256 158500
257 159553
258 161025
259 161385
260 159832
261 158530
262 161093
263 160800
264 160990
265 161022
266 162458
267 162508
268 158900
269 161794
270 162424
271 162766
272 161835
273 162030
274 162616
275 162892
276 162486
277 162806
278 163340
279 271623
280 165753
281 164885
282 164956
283 167451
284 169542
285 166664
286 166822
287 167568
288 166787
289 167302
290 168029
291 167622
292 167993
293 170908
294 168795
295 170140
296 170720
297 173671
298 171169
299 170555
300 172416
301 170808
302 173441
303 171515
304 171479
305 172130
306 172090
307 172895
308 174862
309 177037
310 175714
311 175736
312 174768
313 174420
314 174217
315 176305
316 174543
317 175382
318 177113
319 177989
320 223594
321 177275
322 177986
323 177953
324 179002
325 178605
326 177517
327 177223
328 181217
329 177861
330 178721
331 179403
332 182472
333 180830
334 180374
335 180770
336 180131
337 181640
338 181321
339 182314
340 181631
341 181696
342 181616
343 183496
344 183797
345 183497
346 184160
347 183847
348 183885
349 184515
350 183744
351 185849
352 184659
353 185377
354 187127
355 186586
356 184652
357 187425
358 189508
359 186239
360 186797
361 186262
362 189272
363 188683
364 187642
365 187991
366 189524
367 190191
368 190642
369 265304
370 251660
371 201665
372 198147
373 329900
374 204942
375 198111
376 347680
377 193852
378 192181
379 193057
380 194984
381 193313
382 191773
383 199814
384 194473
385 197299
386 194250
387 193220
388 194168
389 198476
390 194266
391 194755
392 194031
393 194843
394 195187
395 195609
396 197448
397 196232
398 196950
399 199490
400 199368
401 332748
402 200737
403 198204
404 199053
405 200017
406 202344
407 200248
408 199245
409 199744
410 199324
411 199372
412 201114
413 201630
414 203290
415 201073
416 201111
417 200634
418 291929
419 201831
420 202502
421 207281
422 203378
423 203137
424 203868
425 202858
426 204029
427 204257
428 203466
429 203567
430 205254
431 204661
432 205473
433 205942
434 205626
435 204982
436 206416
437 206132
438 207257
439 206536
440 207150
441 206945
442 207507
443 208220
444 209119
445 211505
446 209647
447 208499
448 285187
449 214020
450 216751
451 211034
452 210804
453 211649
454 211199
455 211157
456 212743
457 213056
458 212577
459 213350
460 214064
461 212572
462 213179
463 214236
464 214310
465 216700
466 215180
467 285736
468 263966
469 218454
470 216605
471 216279
472 214735
473 401463
474 219665
475 218730
476 220435
477 217108
478 217728
479 219139
480 217047
481 218515
482 218871
483 218204
484 218829
485 219133
486 296691
487 254238
488 220253
489 222825
490 225108
491 221058
492 222716
493 221183
494 220967
495 221900
496 222197
497 222071
498 222249
499 221877
500 225024
501 223815
502 223911
503 223764
504 223559
505 226761
506 225556
507 225795
508 230182
509 225417
510 225558
511 225696
512 225739
513 227063
514 225874
515 226722
516 226263
517 227538
518 228335
519 227984
520 227370
521 228582
522 227181
523 228676
524 228185
525 229612
526 230999
527 230679
528 230385
529 230640
530 232001
531 231095
532 230954
533 271729
534 231973
535 232812
536 232496
537 232906
538 233749
539 232971
540 235121
541 233960
542 234248
543 233819
544 234717
545 234581
546 235633
547 234483
548 235049
549 235771
550 236365
551 236648
552 237566
553 237686
554 237386
555 238590
556 240677
557 237581
558 237630
559 319718
560 238470
561 238053
562 284643
563 240861
564 240866
565 239771
566 240960
567 243430
568 242377
569 240068
570 241615
571 240220
572 246290
573 243105
574 241727
575 243337
576 242253
577 247287
578 244590
579 242882
580 243640
581 303519
582 352682
583 246709
584 244333
585 245548
586 244892
587 246472
588 245081
589 245464
590 246674
591 247236
592 247253
593 246922
594 247673
595 249109
596 249050
597 289843
598 248819
599 249106
600 249275
601 251365
602 250055
603 249472
604 248838
605 249709
606 250231
607 250150
608 251575
609 251172
610 251993
611 251616
612 252215
613 252219
614 252651
615 252823
616 253270
617 252139
618 254368
619 254629
620 254090
621 253899
622 255875
623 255409
624 254225
625 255058
626 254278
627 255263
628 256419
629 257349
630 260795
631 257272
632 257193
633 257326
634 263910
635 299211
636 258603
637 258663
638 257286
639 259693
640 258665
641 262217
642 260410
643 259188
644 258294
645 258811
646 259411
647 260210
648 261005
649 262192
650 262544
651 264537
652 268129
653 263162
654 261878
655 264044
656 263992
657 263122
658 262074
659 262859
660 264273
661 263962
662 265208
663 266284
664 264237
665 266565
666 265488
667 265954
668 265958
669 267161
670 266250
671 267038
672 269394
673 278189
674 269223
675 267660
676 268077
677 267930
678 269730
679 268819
680 269251
681 270044
682 268540
683 269485
684 269892
685 270070
686 270435
687 269760
688 271339
689 271108
690 270590
691 270782
692 424224
693 390723
694 276315
695 273902
696 273719
697 277759
698 274118
699 272965
700 274371
701 273604
702 274577
703 274508
704 278319
705 275175
706 275403
707 275256
708 274182
709 275427
710 275953
711 274782
712 275407
713 279473
714 277427
715 277124
716 279329
717 277179
718 278451
719 280452
720 277865
721 278647
722 279144
723 279036
724 279019
725 280082
726 281392
727 280744
728 280895
729 280761
730 280700
731 282520
732 283414
733 280809
734 281473
735 281472
736 282129
737 282109
738 282815
739 284413
740 283845
741 285054
742 286435
743 284761
744 283686
745 286323
746 285786
747 290113
748 286568
749 285366
750 286863
751 295866
752 287941
753 289284
754 289269
755 290058
756 288845
757 288087
758 289984
759 290492
760 289072
761 290655
762 289799
763 289979
764 292934
765 290560
766 289866
767 290331
768 290291
769 291652
770 283471
771 284393
772 285412
773 288465
774 285953
775 285891
776 287074
777 285534
778 289946
779 287771
780 287117
781 287770
782 287732
783 288353
784 288578
785 288159
786 288671
787 288664
788 484231
789 289397
790 289371
791 290470
792 289802
793 290005
794 289888
795 290419
796 290413
797 291004
798 291099
799 292620
800 292527
801 291026
802 294298
803 292804
804 294268
805 335345
806 294091
807 294624
808 294875
809 294274
810 294525
811 294725
812 413512
813 294496
814 295224
815 298411
816 296309
817 295603
818 294453
819 296738
820 296099
821 298409
822 296341
823 296894
824 297482
825 299820
826 298003
827 297052
828 299698
829 298158
830 299649
831 300869
832 299467
833 299399
834 299915
835 300911
836 299971
837 302131
838 298816
839 300082
840 301269
841 302301
842 301415
843 300382
844 302181
845 301302
846 302100
847 301811
848 302447
849 304277
850 303478
851 304290
852 303221
853 304398
854 304752
855 304707
856 305012
857 305920
858 304715
859 306261
860 307382
861 305137
862 306483
863 307163
864 306383
865 307430
866 385004
867 313980
868 307846
869 309629
870 307926
871 309751
872 308189
873 309646
874 308726
875 309039
876 311512
877 317525
878 311600
879 310894
880 311958
881 310772
882 311190
883 311877
884 310473
885 311190
886 312156
887 311970
888 311128
889 313055
890 311809
891 311778
892 314254
893 408237
894 315376
895 315052
896 316788
897 314823
898 314866
899 315562
900 314834
901 316965
902 319216
903 315902
904 317312
905 314995
906 418551
907 347641
908 317973
909 317190
910 319002
911 318149
912 318074
913 318249
914 395725
915 319859
916 319558
917 321707
918 319549
919 319262
920 320052
921 320682
922 322078
923 321466
924 320640
925 321880
926 422567
927 322481
928 322706
929 323497
930 323933
931 323934
932 324504
933 324289
934 323571
935 326417
936 325907
937 325848
938 325993
939 324023
940 374872
941 324278
942 326112
943 335433
944 329460
945 327088
946 328490
947 326929
948 327831
949 326985
950 327611
951 327960
952 332054
953 331390
954 329612
955 330422
956 329777
957 328962
958 457305
959 329653
960 374682
961 329249
962 332148
963 330617
964 375999
965 331678
966 331967
967 332400
968 332126
969 374158
970 332993
971 333805
972 365415
973 335003
974 335125
975 334668
976 334121
977 334380
978 334912
979 335247
980 336807
981 336232
982 337245
983 335991
984 337221
985 336514
986 336051
987 337801
988 337816
989 488984
990 337381
991 336068
992 336945
993 338368
994 341042
995 339353
996 482795
997 427321
998 344147
999 343244
