# array_size time
1 3342
2 2321
3 4591
4 2494
5 2228
6 2292
7 2323
8 3171
9 3152
10 2757
11 2848
12 3534
13 3049
14 4076
15 3330
16 3150
17 3941
18 3634
19 3363
20 3667
21 3692
22 4268
23 3578
24 3408
25 3798
26 4416
27 3941
28 4770
29 3844
30 4193
31 4621
32 3338
33 4305
34 4790
35 4445
36 4639
37 4713
38 5065
39 4972
40 4666
41 6390
42 4892
43 5004
44 4636
45 5653
46 5780
47 4850
48 4716
49 4970
50 5677
51 5313
52 4430
53 5498
54 6781
55 4759
56 5499
57 5913
58 5292
59 6211
60 6231
61 6667
62 6037
63 6508
64 5465
65 6182
66 6019
67 6313
68 5851
69 5950
70 7372
71 7082
72 7368
73 43184
74 8763
75 7744
76 6415
77 7629
78 6202
79 7453
80 6696
81 7339
82 7681
83 6547
84 6794
85 6564
86 6935
87 7338
88 8534
89 6208
90 7424
91 6885
92 7402
93 7520
94 7547
95 8043
96 7539
97 8408
98 7206
99 7262
100 7443
101 7912
102 8766
103 7223
104 7803
105 8552
106 8469
107 8380
108 8645
109 8744
110 7619
111 7992
112 7701
113 7746
114 10737
115 9077
116 8793
117 8896
118 8665
119 8128
120 8482
121 7617
122 8172
123 8130
124 8718
125 10905
126 9575
127 7943
128 9414
129 9010
130 10320
131 10498
132 8471
133 10067
134 8858
135 8616
136 9290
137 10609
138 9580
139 10185
140 9059
141 9681
142 10094
143 8924
144 10602
145 8628
146 9677
147 9552
148 9897
149 11169
150 9317
151 11043
152 9741
153 10735
154 9753
155 9570
156 10314
157 11030
158 10397
159 9712
160 10840
161 10800
162 11318
163 9774
164 10257
165 11592
166 10270
167 11642
168 11273
169 9764
170 11955
171 10874
172 9542
173 11591
174 10293
175 12430
176 11105
177 11546
178 11659
179 11644
180 11646
181 13227
182 11069
183 10434
184 10284
185 11820
186 11560
187 10807
188 12049
189 11145
190 11169
191 10419
192 12945
193 11720
194 13442
195 10870
196 13497
197 12315
198 11661
199 11821
200 12501
201 12520
202 12672
203 13355
204 10679
205 14121
206 14656
207 13089
208 12982
209 11961
210 12500
211 11937
212 12046
213 13581
214 10840
215 12002
216 13457
217 12082
218 29270
219 15177
220 80897
221 15499
222 25887
223 14735
224 13355
225 14174
226 12671
227 14548
228 13640
229 14984
230 13997
231 12831
232 15533
233 14276
234 14576
235 15060
236 14045
237 14270
238 14357
239 14831
240 13309
241 13113
242 13067
243 14711
244 13198
245 13797
246 14493
247 13978
248 13840
249 14626
250 13334
251 13593
252 15032
253 13726
254 15743
255 14437
256 14852
257 15152
258 14484
259 14581
260 14014
261 13797
262 14167
263 14890
264 14949
265 15970
266 14550
267 15201
268 15188
269 13361
270 14342
271 14093
272 15057
273 15548
274 14009
275 14578
276 14870
277 15446
278 14613
279 15487
280 15427
281 15532
282 15599
283 14710
284 15471
285 14887
286 15932
287 16357
288 16202
289 15514
290 16612
291 16308
292 15244
293 14647
294 16201
295 15767
296 15504
297 16315
298 15697
299 16262
300 17738
301 15998
302 15927
303 17038
304 16445
305 15525
306 15867
307 17363
308 16339
309 17350
310 16306
311 18215
312 17578
313 16454
314 17090
315 15696
316 17663
317 16789
318 16368
319 17233
320 17297
321 17738
322 18620
323 15628
324 17069
325 17260
326 17088
327 16599
328 17040
329 16817
330 20079
331 18219
332 17504
333 16419
334 16938
335 16925
336 16958
337 18124
338 16473
339 16913
340 17464
341 16111
342 18083
343 16267
344 18304
345 18652
346 18667
347 19058
348 20635
349 21296
350 19062
351 17493
352 18208
353 19102
354 16735
355 18472
356 17632
357 19171
358 16534
359 17349
360 17966
361 18222
362 20036
363 16935
364 18125
365 17496
366 18351
367 18456
368 16669
369 19905
370 17238
371 18220
372 18496
373 18337
374 18230
375 20038
376 46003
377 18597
378 19940
379 19830
380 20131
381 19160
382 17176
383 19259
384 20605
385 51006
386 19127
387 38205
388 18906
389 19288
390 17874
391 19047
392 19341
393 19386
394 18438
395 19122
396 20951
397 19313
398 20486
399 18918
400 18944
401 19692
402 18318
403 19791
404 17876
405 20519
406 19463
407 19839
408 19006
409 20031
410 21266
411 20803
412 19902
413 22292
414 21325
415 21209
416 20510
417 20468
418 19563
419 21033
420 21326
421 21039
422 19002
423 20220
424 20173
425 20187
426 20744
427 20597
428 20905
429 21181
430 20023
431 19561
432 19656
433 21031
434 20284
435 20771
436 20410
437 22010
438 21497
439 22249
440 21019
441 21101
442 23153
443 21297
444 22231
445 21309
446 21812
447 21013
448 20103
449 22056
450 22280
451 20784
452 21372
453 22716
454 22433
455 21412
456 22192
457 22307
458 21338
459 22367
460 22897
461 22251
462 21136
463 21007
464 23919
465 22173
466 23041
467 21323
468 22041
469 20927
470 49690
471 21870
472 21084
473 22799
474 22278
475 22493
476 22566
477 22542
478 22166
479 22981
480 22534
481 23143
482 23142
483 21248
484 24791
485 23852
486 24923
487 23136
488 21299
489 21256
490 22970
491 26676
492 25331
493 22999
494 23548
495 23797
496 22023
497 22532
498 21874
499 22036
500 22624
501 23184
502 22941
503 21736
504 22709
505 22517
506 26013
507 23111
508 22987
509 23953
510 22658
511 22408
512 23843
513 23333
514 23351
515 22745
516 23294
517 22711
518 22466
519 22141
520 27203
521 22260
522 24338
523 24524
524 24662
525 22765
526 23647
527 24492
528 25078
529 22080
530 23483
531 23780
532 24168
533 24252
534 24141
535 24268
536 24460
537 23680
538 24421
539 23680
540 25257
541 23691
542 24118
543 24333
544 25097
545 23264
546 22791
547 26304
548 24388
549 23613
550 23306
551 23660
552 24796
553 23220
554 24145
555 23889
556 25796
557 25404
558 24304
559 24490
560 24810
561 23093
562 24882
563 24766
564 22974
565 24124
566 24405
567 27171
568 24468
569 24530
570 25416
571 24988
572 24478
573 24682
574 26996
575 24800
576 24403
577 23913
578 23513
579 25944
580 25077
581 24737
582 25400
583 24966
584 24872
585 24995
586 23521
587 26046
588 25808
589 25786
590 25958
591 24970
592 26206
593 25112
594 24646
595 27935
596 26638
597 27072
598 23856
599 25910
600 26372
601 26236
602 26293
603 26256
604 27865
605 27039
606 27078
607 26025
608 27213
609 27076
610 28015
611 25220
612 25989
613 26134
614 26173
615 29657
616 26582
617 26145
618 25898
619 25656
620 26859
621 27491
622 27321
623 27147
624 25969
625 28473
626 27407
627 28521
628 26168
629 24934
630 27705
631 28658
632 27863
633 26695
634 24916
635 26267
636 27648
637 25971
638 27983
639 27405
640 28754
641 27112
642 27830
643 25129
644 27779
645 29201
646 25697
647 26614
648 27017
649 26715
650 28567
651 27079
652 27306
653 27114
654 27408
655 27345
656 27405
657 27145
658 26598
659 27498
660 27222
661 27294
662 28149
663 99002
664 27853
665 28413
666 28937
667 27480
668 27815
669 26619
670 27347
671 26319
672 27794
673 26349
674 27406
675 27042
676 26856
677 27019
678 28157
679 27595
680 26798
681 25882
682 26706
683 28699
684 26924
685 27559
686 27583
687 27083
688 28706
689 30483
690 28515
691 29166
692 28845
693 29906
694 28241
695 27116
696 27337
697 28211
698 28706
699 30454
700 28838
701 28077
702 28811
703 28567
704 30038
705 27134
706 29373
707 30529
708 29247
709 28097
710 29720
711 28964
712 28687
713 28595
714 29278
715 28236
716 29416
717 28868
718 27178
719 28374
720 30316
721 29149
722 29431
723 31323
724 31007
725 30066
726 29266
727 29586
728 30075
729 29356
730 29939
731 27463
732 28954
733 28672
734 28438
735 30775
736 30349
737 28579
738 29760
739 29997
740 29756
741 29409
742 28874
743 28821
744 30115
745 28134
746 36509
747 31427
748 30206
749 30296
750 29516
751 31818
752 31180
753 35645
754 29307
755 28992
756 38405
757 31747
758 30047
759 30175
760 34858
761 31929
762 58950
763 31792
764 31693
765 35502
766 32004
767 30139
768 33795
769 35532
770 47887
771 37973
772 31227
773 31923
774 48638
775 30704
776 29502
777 30294
778 30136
779 32029
780 31458
781 32612
782 32442
783 30176
784 32416
785 32272
786 32562
787 31094
788 33316
789 31617
790 31248
791 31967
792 31485
793 31658
794 30417
795 31747
796 32175
797 30280
798 32691
799 34108
800 30057
801 31245
802 33183
803 29911
804 30359
805 33298
806 31560
807 29827
808 32822
809 34867
810 32552
811 31128
812 31484
813 31816
814 32599
815 31822
816 34236
817 31635
818 31677
819 32122
820 32345
821 34114
822 33917
823 32618
824 32212
825 30912
826 32510
827 33391
828 33718
829 32349
830 30591
831 33421
832 34119
833 33131
834 32609
835 32111
836 32487
837 34503
838 32317
839 33254
840 33456
841 32296
842 34457
843 32875
844 32123
845 31524
846 31145
847 33547
848 33054
849 33532
850 32471
851 34626
852 33157
853 31919
854 36778
855 33396
856 33107
857 62232
858 34775
859 31311
860 30687
861 31760
862 33962
863 34785
864 33109
865 34845
866 33723
867 32170
868 32723
869 33595
870 33035
871 36254
872 36957
873 34770
874 35207
875 34030
876 34939
877 35064
878 36250
879 39205
880 35504
881 33530
882 33501
883 33031
884 36031
885 36562
886 34425
887 34487
888 32949
889 33738
890 32706
891 32681
892 33409
893 32810
894 35392
895 35128
896 34709
897 35216
898 31864
899 33761
900 33558
901 34225
902 33089
903 33648
904 33534
905 35625
906 32589
907 36990
908 35248
909 34342
910 35077
911 32174
912 33129
913 33553
914 32277
915 33456
916 37033
917 34057
918 32538
919 34957
920 33737
921 35324
922 34644
923 33803
924 34769
925 34807
926 35419
927 36501
928 32019
929 32125
930 33708
931 32431
932 33011
933 32517
934 34071
935 33282
936 33956
937 92930
938 33812
939 34181
940 34349
941 32416
942 35333
943 33233
944 34938
945 34247
946 35362
947 33596
948 33104
949 33535
950 33861
951 32153
952 34892
953 33704
954 31558
955 35720
956 33791
957 34791
958 34448
959 32807
960 33253
961 35601
962 35078
963 33311
964 34428
965 33521
966 36986
967 35551
968 34474
969 38282
970 35047
971 33962
972 36016
973 36185
974 35449
975 33497
976 34841
977 35438
978 34889
979 32927
980 35347
981 35009
982 36080
983 33315
984 36246
985 34996
986 34269
987 35968
988 35154
989 34365
990 34078
991 35901
992 36256
993 34438
994 37045
995 36277
996 50993
997 35993
998 32843
999 34735
