# array_size time
1 4553
2 2959
3 2920
4 2878
5 9705
6 3029
7 3639
8 3702
9 3129
10 3249
11 3675
12 2752
13 3542
14 4024
15 4419
16 3747
17 4166
18 4179
19 3795
20 4102
21 4040
22 4693
23 3836
24 4330
25 3990
26 4579
27 5052
28 5339
29 4840
30 5457
31 5014
32 5460
33 4686
34 5043
35 4698
36 5867
37 5629
38 5441
39 5797
40 5535
41 6183
42 5194
43 5686
44 8007
45 6257
46 7812
47 5918
48 8304
49 6237
50 7324
51 6373
52 7642
53 5173
54 6730
55 8273
56 6962
57 6928
58 7085
59 7970
60 8215
61 7276
62 7972
63 6858
64 8329
65 7010
66 7181
67 8978
68 8106
69 7510
70 8155
71 6652
72 8323
73 7905
74 6776
75 8497
76 8977
77 8888
78 8511
79 8055
80 8993
81 8811
82 8179
83 7728
84 7912
85 8662
86 10199
87 9589
88 8910
89 8763
90 8102
91 8496
92 8238
93 8359
94 8364
95 9940
96 9108
97 9055
98 7820
99 11576
100 9605
101 8655
102 9569
103 9238
104 7304
105 9492
106 6970
107 7762
108 7856
109 7580
110 7576
111 7844
112 8821
113 7939
114 8701
115 8665
116 8087
117 8221
118 9694
119 10282
120 9525
121 8910
122 9334
123 9448
124 10343
125 10458
126 10157
127 10367
128 10737
129 9890
130 9736
131 9420
132 10332
133 10494
134 10106
135 9463
136 12144
137 9721
138 12397
139 9957
140 9904
141 10019
142 10409
143 10234
144 11297
145 9277
146 10685
147 10325
148 10235
149 8817
150 10551
151 10010
152 10784
153 10348
154 10792
155 11016
156 10997
157 11480
158 9641
159 9793
160 10415
161 11768
162 11880
163 10670
164 12084
165 10835
166 10909
167 12661
168 11129
169 11818
170 11766
171 11539
172 12608
173 11709
174 11274
175 12008
176 10532
177 12259
178 11953
179 10474
180 12130
181 11840
182 11534
183 11763
184 12745
185 11807
186 12051
187 13140
188 11669
189 12580
190 12242
191 13284
192 12627
193 12450
194 12709
195 12229
196 14065
197 12646
198 12922
199 13542
200 12481
201 12946
202 12646
203 13126
204 14140
205 12845
206 12644
207 14264
208 12620
209 65258
210 51094
211 77453
212 67335
213 16287
214 14216
215 15284
216 14134
217 13243
218 13522
219 14853
220 13236
221 12440
222 14961
223 15411
224 14539
225 14704
226 14027
227 15792
228 15594
229 16071
230 14172
231 13782
232 14352
233 13242
234 13880
235 14371
236 13931
237 16979
238 14625
239 14921
240 15195
241 14490
242 13872
243 15257
244 14637
245 15398
246 15216
247 14597
248 15777
249 14611
250 15387
251 14647
252 15398
253 15918
254 15035
255 17339
256 14270
257 15885
258 15263
259 15699
260 15692
261 15560
262 15070
263 15199
264 15050
265 16162
266 15917
267 17438
268 17018
269 16275
270 16564
271 16172
272 15098
273 14875
274 15605
275 17179
276 18068
277 16239
278 17420
279 16794
280 18080
281 16971
282 16742
283 17690
284 17168
285 18393
286 16038
287 17747
288 18387
289 16861
290 18297
291 17248
292 18358
293 18377
294 19302
295 17528
296 17604
297 17662
298 16642
299 17939
300 17635
301 17536
302 17259
303 17354
304 18484
305 17933
306 17186
307 17958
308 17757
309 18578
310 18265
311 17858
312 16750
313 17943
314 18775
315 18544
316 19680
317 18865
318 18209
319 18705
320 19865
321 18399
322 18840
323 19221
324 18576
325 19259
326 19416
327 19795
328 20674
329 20247
330 20731
331 19423
332 21015
333 19456
334 18731
335 19579
336 20284
337 20263
338 20950
339 19415
340 19850
341 20807
342 20077
343 20030
344 19347
345 20764
346 19723
347 19836
348 20430
349 21614
350 20499
351 21206
352 19570
353 20679
354 18989
355 20914
356 20425
357 19792
358 20423
359 19993
360 20224
361 21322
362 20439
363 20131
364 20732
365 19529
366 21929
367 20649
368 19619
369 19899
370 20178
371 20367
372 20202
373 19725
374 19747
375 21178
376 20511
377 20458
378 20802
379 20899
380 21003
381 21551
382 21818
383 20942
384 20756
385 21178
386 20443
387 21299
388 21095
389 21271
390 20904
391 21507
392 21798
393 21068
394 21694
395 22478
396 24225
397 22213
398 22684
399 22561
400 22687
401 21894
402 20952
403 24440
404 23435
405 24013
406 23419
407 22903
408 22519
409 21788
410 25463
411 22605
412 22335
413 23934
414 21747
415 21821
416 23899
417 23801
418 25392
419 23053
420 24044
421 23327
422 22642
423 24281
424 23543
425 25089
426 22829
427 23962
428 24771
429 23785
430 25235
431 24896
432 23286
433 23165
434 23443
435 24641
436 23359
437 23891
438 24643
439 24513
440 23017
441 24715
442 24539
443 23475
444 25729
445 22891
446 24597
447 23435
448 24936
449 24918
450 24567
451 23781
452 69611
453 24504
454 23787
455 23585
456 24247
457 25614
458 25831
459 25106
460 26631
461 25293
462 27116
463 25081
464 25700
465 26490
466 27074
467 25677
468 26145
469 25664
470 25544
471 25980
472 25777
473 25843
474 25463
475 63535
476 28027
477 26597
478 25261
479 27961
480 24389
481 26596
482 26616
483 27409
484 25670
485 26618
486 26653
487 27446
488 26225
489 25385
490 26698
491 26215
492 26799
493 25399
494 27643
495 29873
496 26847
497 27037
498 27365
499 27395
500 27831
501 27418
502 26204
503 26828
504 26715
505 27665
506 28502
507 26189
508 28050
509 27082
510 27790
511 27667
512 27144
513 26917
514 28961
515 29326
516 28046
517 26827
518 26970
519 28459
520 28513
521 28132
522 30941
523 29931
524 28579
525 86871
526 28087
527 30072
528 29487
529 29679
530 27818
531 30467
532 28050
533 28025
534 28956
535 28212
536 30133
537 30317
538 30350
539 28540
540 29519
541 31872
542 29144
543 30180
544 29787
545 68258
546 30774
547 28284
548 29035
549 33010
550 31447
551 29704
552 30013
553 31604
554 30604
555 31401
556 32335
557 32224
558 31899
559 32449
560 33725
561 31750
562 31384
563 30666
564 31722
565 32680
566 32497
567 30971
568 31119
569 30351
570 31048
571 32971
572 31694
573 32519
574 32175
575 32064
576 31582
577 31054
578 30012
579 31052
580 31668
581 32176
582 33689
583 34642
584 34229
585 33264
586 34221
587 32588
588 32446
589 76504
590 31780
591 33589
592 32064
593 34669
594 33929
595 34505
596 35069
597 34615
598 35199
599 32342
600 34039
601 33302
602 32400
603 34752
604 33405
605 34246
606 33243
607 32956
608 32704
609 34896
610 34825
611 31945
612 33470
613 35092
614 33816
615 33438
616 34416
617 33318
618 32669
619 34314
620 34130
621 34636
622 34351
623 32078
624 34103
625 33644
626 33411
627 34652
628 34264
629 35785
630 34513
631 35375
632 34965
633 34420
634 33962
635 35445
636 34089
637 35113
638 32495
639 34121
640 34357
641 36606
642 35787
643 35472
644 35548
645 34816
646 34660
647 35677
648 34308
649 33471
650 33337
651 35925
652 35965
653 37230
654 34875
655 36176
656 36164
657 35910
658 35346
659 36617
660 35514
661 34763
662 36956
663 35702
664 34464
665 36753
666 37353
667 36383
668 35690
669 37031
670 37852
671 36143
672 35846
673 37035
674 35841
675 36864
676 35795
677 37753
678 36497
679 37691
680 37476
681 80713
682 37364
683 38217
684 36357
685 38544
686 39035
687 37661
688 38648
689 38575
690 39615
691 35876
692 37393
693 36284
694 36227
695 38690
696 38117
697 38357
698 38720
699 37989
700 39946
701 38096
702 38656
703 40560
704 38900
705 37729
706 39787
707 38200
708 37810
709 39074
710 38509
711 103134
712 39508
713 37779
714 42548
715 38885
716 39322
717 40644
718 40275
719 38245
720 40338
721 40032
722 40320
723 47127
724 39013
725 41568
726 36344
727 39406
728 40068
729 39292
730 38421
731 56823
732 39205
733 38693
734 40310
735 38706
736 40730
737 39486
738 39248
739 39962
740 39300
741 38514
742 39633
743 39382
744 41007
745 39846
746 40817
747 135153
748 54361
749 40531
750 40598
751 40342
752 38997
753 41879
754 39941
755 40624
756 41924
757 39554
758 40980
759 41059
760 40573
761 41073
762 40324
763 42198
764 40296
765 39181
766 41667
767 42387
768 42217
769 43032
770 42099
771 86154
772 40727
773 43240
774 43411
775 42254
776 41972
777 43382
778 40890
779 43406
780 38743
781 41873
782 42143
783 42206
784 44289
785 45126
786 96067
787 42324
788 42383
789 41994
790 43718
791 42452
792 43862
793 40777
794 42809
795 44539
796 41841
797 43353
798 41295
799 42275
800 44066
801 43006
802 44503
803 43529
804 87367
805 44415
806 43370
807 44261
808 44834
809 44647
810 43440
811 42884
812 44480
813 44317
814 46089
815 42082
816 42821
817 46266
818 43292
819 46465
820 43838
821 42404
822 45836
823 42310
824 44979
825 43443
826 43755
827 45575
828 45813
829 45060
830 43781
831 48625
832 43821
833 45461
834 43991
835 45096
836 45636
837 42815
838 43636
839 45094
840 64128
841 45570
842 93907
843 46800
844 47738
845 43977
846 49466
847 52439
848 46948
849 44351
850 47581
851 43386
852 44179
853 44848
854 44588
855 44872
856 43848
857 67481
858 47917
859 46102
860 45383
861 44686
862 46537
863 46424
864 44079
865 45027
866 44501
867 44901
868 44703
869 46581
870 45150
871 64335
872 46220
873 44625
874 45917
875 45369
876 47964
877 49077
878 45089
879 44494
880 45679
881 49766
882 45372
883 45288
884 46418
885 45980
886 43970
887 46513
888 46794
889 47653
890 46462
891 46354
892 45720
893 46528
894 44542
895 46291
896 46164
897 46898
898 44981
899 45081
900 46926
901 47422
902 45903
903 46787
904 86010
905 47546
906 48085
907 47338
908 47142
909 46684
910 47301
911 47566
912 46291
913 48010
914 47101
915 47550
916 47098
917 47678
918 48331
919 47257
920 48095
921 47591
922 47808
923 49295
924 49067
925 48033
926 48553
927 48143
928 48834
929 47657
930 46256
931 47206
932 49079
933 47726
934 48315
935 48462
936 48801
937 49282
938 49067
939 49258
940 49502
941 49927
942 48145
943 48068
944 50751
945 49715
946 51193
947 49955
948 46306
949 47994
950 48500
951 47669
952 47482
953 47156
954 48988
955 50271
956 48820
957 48656
958 48234
959 48088
960 48162
961 46942
962 47409
963 48985
964 47289
965 48240
966 49426
967 49898
968 48693
969 48262
970 48621
971 49939
972 48130
973 47259
974 50766
975 52964
976 50533
977 50583
978 53222
979 52572
980 52814
981 132802
982 51853
983 52671
984 50680
985 52480
986 50732
987 50954
988 50418
989 52301
990 49949
991 51713
992 51877
993 53430
994 53062
995 52624
996 51627
997 49867
998 51833
999 52439
1000 52685
1001 54495
1002 51629
1003 51325
1004 52553
1005 51855
1006 51461
1007 51511
1008 54643
1009 51638
1010 50444
1011 51715
1012 51741
1013 52561
1014 59365
1015 52072
1016 52817
1017 51431
1018 60069
1019 51571
1020 52947
1021 52152
1022 54009
1023 63001
1024 56403
1025 51421
1026 52108
1027 52412
1028 53065
1029 57286
1030 51694
1031 53834
1032 55165
1033 53500
1034 56889
1035 53274
1036 53637
1037 54023
1038 54739
1039 52699
1040 54343
1041 54482
1042 53270
1043 52897
1044 54102
1045 53937
1046 53698
1047 56138
1048 56128
1049 54163
1050 54167
1051 53283
1052 53269
1053 54792
1054 54487
1055 53004
1056 54824
1057 53349
1058 55140
1059 55636
1060 54322
1061 54595
1062 57359
1063 57384
1064 54704
1065 55046
1066 55277
1067 54514
1068 56452
1069 53318
1070 54054
1071 55491
1072 52685
1073 53193
1074 56303
1075 53644
1076 53994
1077 55198
1078 54417
1079 56018
1080 54423
1081 53457
1082 53173
1083 54912
1084 55635
1085 55157
1086 56535
1087 53294
1088 56155
1089 143569
1090 56333
1091 53902
1092 56539
1093 95875
1094 99225
1095 60565
1096 56566
1097 56270
1098 54387
1099 55579
1100 55345
1101 59781
1102 56364
1103 57255
1104 56674
1105 59351
1106 57360
1107 59289
1108 58232
1109 57632
1110 58514
1111 57762
1112 56007
1113 57659
1114 58923
1115 57476
1116 59516
1117 58418
1118 58757
1119 59731
1120 58714
1121 57707
1122 56816
1123 60087
1124 58552
1125 59898
1126 57274
1127 58045
1128 59710
1129 57724
1130 58375
1131 57777
1132 60540
1133 58652
1134 59768
1135 58419
1136 58656
1137 59226
1138 58568
1139 58369
1140 59860
1141 59087
1142 57993
1143 57878
1144 59367
1145 60279
1146 59548
1147 59328
1148 58850
1149 59279
1150 59437
1151 59389
1152 61855
1153 57830
1154 57833
1155 60263
1156 61209
1157 59214
1158 61308
1159 59057
1160 56450
1161 55594
1162 95520
1163 58201
1164 59270
1165 59912
1166 60686
1167 59858
1168 58841
1169 58969
1170 60906
1171 57103
1172 58209
1173 59255
1174 59245
1175 58840
1176 58114
1177 57880
1178 59575
1179 59691
1180 58484
1181 57735
1182 57157
1183 59906
1184 58192
1185 59273
1186 60843
1187 60293
1188 59567
1189 59188
1190 61129
1191 61118
1192 62204
1193 60724
1194 63106
1195 59262
1196 61183
1197 60278
1198 64851
1199 66200
1200 60740
1201 62310
1202 61512
1203 61237
1204 61292
1205 61269
1206 62435
1207 63480
1208 63672
1209 63724
1210 64790
1211 62953
1212 61444
1213 63412
1214 67228
1215 64150
1216 64132
1217 64697
1218 61795
1219 62596
1220 61594
1221 62744
1222 63016
1223 66015
1224 62623
1225 63642
1226 64738
1227 65021
1228 61808
1229 62588
1230 63093
1231 63120
1232 64507
1233 63771
1234 62791
1235 65521
1236 63604
1237 62976
1238 60720
1239 64083
1240 63283
1241 63518
1242 62970
1243 62798
1244 65496
1245 67989
1246 63664
1247 65346
1248 63572
1249 64516
1250 65680
1251 65857
1252 63573
1253 63328
1254 64675
1255 63314
1256 64668
1257 95721
1258 67826
1259 66294
1260 65188
1261 67893
1262 64166
1263 63735
1264 65427
1265 63860
1266 62885
1267 64065
1268 64467
1269 62921
1270 66798
1271 66730
1272 65760
1273 68588
1274 67305
1275 64548
1276 65326
1277 63982
1278 62961
1279 64105
1280 63421
1281 64469
1282 62716
1283 66412
1284 66065
1285 63658
1286 64501
1287 66156
1288 64369
1289 65636
1290 64474
1291 66435
1292 64717
1293 64462
1294 66220
1295 69733
1296 64537
1297 66561
1298 68848
1299 66706
1300 68130
1301 69104
1302 108118
1303 68625
1304 67045
1305 68490
1306 70990
1307 68854
1308 66809
1309 66170
1310 67244
1311 66016
1312 66845
1313 66290
1314 70384
1315 66517
1316 64352
1317 70287
1318 67525
1319 67229
1320 68406
1321 67312
1322 67008
1323 67028
1324 69844
1325 69164
1326 70051
1327 70700
1328 68375
1329 66931
1330 66476
1331 70318
1332 70370
1333 67242
1334 68379
1335 68516
1336 70112
1337 69419
1338 69230
1339 70131
1340 68082
1341 69747
1342 67187
1343 71857
1344 83206
1345 68587
1346 70210
1347 68756
1348 68515
1349 68228
1350 70069
1351 66824
1352 67182
1353 69114
1354 67323
1355 118654
1356 67632
1357 68029
1358 69935
1359 66910
1360 68569
1361 65953
1362 69443
1363 69633
1364 70056
1365 65689
1366 69877
1367 68532
1368 67092
1369 68285
1370 68591
1371 71219
1372 69983
1373 67595
1374 70953
1375 132884
1376 66733
1377 67193
1378 70072
1379 70665
1380 69683
1381 69386
1382 68283
1383 69080
1384 69666
1385 70868
1386 71894
1387 69460
1388 69237
1389 70542
1390 117966
1391 74256
1392 73146
1393 71628
1394 72899
1395 72955
1396 122674
1397 73359
1398 70578
1399 71628
1400 70700
1401 71661
1402 71946
1403 74379
1404 74896
1405 70924
1406 73570
1407 74967
1408 71175
1409 71573
1410 68888
1411 69955
1412 71515
1413 72334
1414 73402
1415 73042
1416 70979
1417 73348
1418 72635
1419 71005
1420 117643
1421 93962
1422 74184
1423 73048
1424 74474
1425 76535
1426 73881
1427 71813
1428 76063
1429 83780
1430 76551
1431 72834
1432 74443
1433 73429
1434 72512
1435 71899
1436 70784
1437 71289
1438 74055
1439 73617
1440 74288
1441 72006
1442 73504
1443 74891
1444 72569
1445 71927
1446 75710
1447 74419
1448 72472
1449 74176
1450 74851
1451 70648
1452 73090
1453 72011
1454 74583
1455 73628
1456 74855
1457 76222
1458 74637
1459 74411
1460 73196
1461 74796
1462 74009
1463 75165
1464 75588
1465 74370
1466 72579
1467 73060
1468 75434
1469 73571
1470 73118
1471 76159
1472 74633
1473 73852
1474 72425
1475 72409
1476 74046
1477 72622
1478 72837
1479 74300
1480 74193
1481 74736
1482 74051
1483 73496
1484 75324
1485 72845
1486 69864
1487 73625
1488 74259
1489 78134
1490 74997
1491 74234
1492 75530
1493 74270
1494 74569
1495 75784
1496 74801
1497 74307
1498 73514
1499 73986
1500 77283
1501 73840
1502 75743
1503 73750
1504 74457
1505 77632
1506 77062
1507 74303
1508 74680
1509 74607
1510 77956
1511 77164
1512 76710
1513 76381
1514 78848
1515 76229
1516 75497
1517 78666
1518 77763
1519 77862
1520 78551
1521 74684
1522 178111
1523 77601
1524 78210
1525 80297
1526 77829
1527 77195
1528 79125
1529 78152
1530 79741
1531 75329
1532 75974
1533 77172
1534 75182
1535 79861
1536 77519
1537 77537
1538 75718
1539 77061
1540 156810
1541 77545
1542 74791
1543 79845
1544 79219
1545 77450
1546 78539
1547 79750
1548 79372
1549 79205
1550 80882
1551 80306
1552 76160
1553 78338
1554 75925
1555 77314
1556 78494
1557 78749
1558 76071
1559 79956
1560 77974
1561 79110
1562 78746
1563 76958
1564 77359
1565 147733
1566 81795
1567 75362
1568 78321
1569 78815
1570 76808
1571 76854
1572 78268
1573 76290
1574 77291
1575 80351
1576 80724
1577 79070
1578 80322
1579 78162
1580 81164
1581 81344
1582 81206
1583 78336
1584 80271
1585 79557
1586 79950
1587 78371
1588 79572
1589 81241
1590 78546
1591 78101
1592 81081
1593 81118
1594 79045
1595 79274
1596 80822
1597 81344
1598 80624
1599 80537
1600 80380
1601 78863
1602 79333
1603 80501
1604 82168
1605 139034
1606 81142
1607 77441
1608 78943
1609 81010
1610 80983
1611 78351
1612 82545
1613 80939
1614 81920
1615 78851
1616 80271
1617 81809
1618 79530
1619 77368
1620 82463
1621 79118
1622 82721
1623 80449
1624 86575
1625 81693
1626 81654
1627 82060
1628 81398
1629 191865
1630 81311
1631 82796
1632 82808
1633 81925
1634 84196
1635 84310
1636 81685
1637 82570
1638 80920
1639 80642
1640 82281
1641 82041
1642 84409
1643 82191
1644 83624
1645 80102
1646 80679
1647 83838
1648 80627
1649 84065
1650 83056
1651 83333
1652 82707
1653 82489
1654 80467
1655 82603
1656 79356
1657 80660
1658 78902
1659 81854
1660 82918
1661 82171
1662 81988
1663 84086
1664 85584
1665 96844
1666 83095
1667 81757
1668 85816
1669 82574
1670 83347
1671 84187
1672 84180
1673 84513
1674 87383
1675 84845
1676 82730
1677 88672
1678 83554
1679 83899
1680 82879
1681 84160
1682 84895
1683 85489
1684 83242
1685 82492
1686 85722
1687 84937
1688 84392
1689 87034
1690 83291
1691 85490
1692 84716
1693 83616
1694 83360
1695 86102
1696 85925
1697 84977
1698 87121
1699 84080
1700 87213
1701 86933
1702 83013
1703 87861
1704 85115
1705 84112
1706 83157
1707 82554
1708 110838
1709 81184
1710 84862
1711 81567
1712 84554
1713 83297
1714 82323
1715 82879
1716 81793
1717 83192
1718 85861
1719 82512
1720 84517
1721 85590
1722 84372
1723 149870
1724 88500
1725 87291
1726 85975
1727 88801
1728 86323
1729 87121
1730 125520
1731 82964
1732 84806
1733 84293
1734 85037
1735 84635
1736 86462
1737 87748
1738 84672
1739 83244
1740 86289
1741 88989
1742 86025
1743 88207
1744 86594
1745 85453
1746 85732
1747 84639
1748 85165
1749 85763
1750 84679
1751 82905
1752 86787
1753 84951
1754 85027
1755 84186
1756 84148
1757 83863
1758 88593
1759 129184
1760 88340
1761 87321
1762 87877
1763 88442
1764 89894
1765 88546
1766 89860
1767 87603
1768 89808
1769 87764
1770 85407
1771 87782
1772 87857
1773 85963
1774 89990
1775 87354
1776 86528
1777 89293
1778 90289
1779 87261
1780 86755
1781 89072
1782 89023
1783 86755
1784 87297
1785 89505
1786 86515
1787 88087
1788 90284
1789 85437
1790 91595
1791 88093
1792 91102
1793 88071
1794 88426
1795 89049
1796 89975
1797 88415
1798 87959
1799 88278
1800 85414
1801 87924
1802 86066
1803 87860
1804 89205
1805 88831
1806 93482
1807 89558
1808 90751
1809 84856
1810 150135
1811 89468
1812 89214
1813 87587
1814 88529
1815 114602
1816 86879
1817 89387
1818 88627
1819 89099
1820 88155
1821 89433
1822 86631
1823 89845
1824 90276
1825 90039
1826 88021
1827 89146
1828 92263
1829 91800
1830 90781
1831 92670
1832 92817
1833 90042
1834 133925
1835 89652
1836 87416
1837 88272
1838 88053
1839 87736
1840 86979
1841 90466
1842 87038
1843 87290
1844 90334
1845 92218
1846 90122
1847 90795
1848 89791
1849 93679
1850 89737
1851 88297
1852 94418
1853 93771
1854 91545
1855 91279
1856 90651
1857 99036
1858 92995
1859 94046
1860 89845
1861 92360
1862 92351
1863 91549
1864 93596
1865 90308
1866 96465
1867 92077
1868 91630
1869 91892
1870 96572
1871 92549
1872 94407
1873 96495
1874 93916
1875 92387
1876 92533
1877 94121
1878 95049
1879 92994
1880 92176
1881 93368
1882 95793
1883 95873
1884 136685
1885 94236
1886 94855
1887 94343
1888 90505
1889 91956
1890 99282
1891 93978
1892 95601
1893 95371
1894 93686
1895 93490
1896 94380
1897 92952
1898 94929
1899 95334
1900 93291
1901 93512
1902 159580
1903 92508
1904 94375
1905 93621
1906 94534
1907 91920
1908 95277
1909 94015
1910 97399
1911 97140
1912 94295
1913 93062
1914 95651
1915 94243
1916 91219
1917 92164
1918 95586
1919 93136
1920 96395
1921 121622
1922 95605
1923 91317
1924 94746
1925 91981
1926 93785
1927 92916
1928 91983
1929 91366
1930 93475
1931 92200
1932 93285
1933 92291
1934 90970
1935 92048
1936 90902
1937 94308
1938 92067
1939 92008
1940 93005
1941 94258
1942 94882
1943 93389
1944 93518
1945 94804
1946 97908
1947 95321
1948 98386
1949 93130
1950 93908
1951 95183
1952 94261
1953 93604
1954 96238
1955 98094
1956 98055
1957 92407
1958 95897
1959 91705
1960 94830
1961 100510
1962 93020
1963 174584
1964 98720
1965 95570
1966 95929
1967 93165
1968 94150
1969 96635
1970 95508
1971 95746
1972 97819
1973 99070
1974 100900
1975 99175
1976 96374
1977 95436
1978 96769
1979 99693
1980 100623
1981 99067
1982 99448
1983 98798
1984 97489
1985 95538
1986 95550
1987 96019
1988 94477
1989 101345
1990 96665
1991 97125
1992 99821
1993 97066
1994 97959
1995 96637
1996 96785
1997 101102
1998 98470
1999 97747
2000 182103
2001 96374
2002 98770
2003 96983
2004 98194
2005 97343
2006 97568
2007 97311
2008 99434
2009 99728
2010 97769
2011 96475
2012 100436
2013 100204
2014 98725
2015 100200
2016 101145
2017 103162
2018 98752
2019 148534
2020 100381
2021 101640
2022 98623
2023 97155
2024 96876
2025 101203
2026 98732
2027 99666
2028 100932
2029 98361
2030 98259
2031 102946
2032 103460
2033 101749
2034 100538
2035 101508
2036 100204
2037 101122
2038 103208
2039 100704
2040 100129
2041 101070
2042 103710
2043 98644
2044 99252
2045 102906
2046 102781
2047 101057
2048 100968
2049 100535
2050 102817
2051 102853
2052 99626
2053 102530
2054 99820
2055 145009
2056 102752
2057 103821
2058 100347
2059 102118
2060 109981
2061 102801
2062 100739
2063 101382
2064 101099
2065 100845
2066 99782
2067 99745
2068 99998
2069 98078
2070 99328
2071 100600
2072 101931
2073 102705
2074 102141
2075 101476
2076 105184
2077 203409
2078 101269
2079 102482
2080 103929
2081 101041
2082 102533
2083 101451
2084 99871
2085 98710
2086 101904
2087 103667
2088 104426
2089 105268
2090 104538
2091 102826
2092 104126
2093 102670
2094 101643
2095 108257
2096 106385
2097 104923
2098 103737
2099 102028
2100 104809
2101 103145
2102 103536
2103 100248
2104 101721
2105 102822
2106 102490
2107 102893
2108 103974
2109 105455
2110 102562
2111 101031
2112 106315
2113 103085
2114 105050
2115 103324
2116 142918
2117 106311
2118 100437
2119 104168
2120 102523
2121 102412
2122 104826
2123 104605
2124 105225
2125 105745
2126 104362
2127 104828
2128 102694
2129 105041
2130 104868
2131 105017
2132 106680
2133 110979
2134 105297
2135 104395
2136 105036
2137 104456
2138 103897
2139 103924
2140 105991
2141 106059
2142 106822
2143 106229
2144 109798
2145 106034
2146 105091
2147 105577
2148 105183
2149 104237
2150 106180
2151 102031
2152 106522
2153 103533
2154 109028
2155 156868
2156 105993
2157 105178
2158 105014
2159 105194
2160 103547
2161 108155
2162 103749
2163 108394
2164 105346
2165 106722
2166 105133
2167 105891
2168 104610
2169 108298
2170 107565
2171 105151
2172 111030
2173 106814
2174 107744
2175 109379
2176 106765
2177 108151
2178 107855
2179 108429
2180 109349
2181 106676
2182 106458
2183 106963
2184 106293
2185 107745
2186 106386
2187 105416
2188 102909
2189 103514
2190 105354
2191 107241
2192 104564
2193 104716
2194 106560
2195 106250
2196 108133
2197 105585
2198 108479
2199 108943
2200 110513
2201 107165
2202 109781
2203 108649
2204 108315
2205 110508
2206 214760
2207 107804
2208 109293
2209 108498
2210 108074
2211 108965
2212 107402
2213 108977
2214 111762
2215 110897
2216 159425
2217 106483
2218 106169
2219 106660
2220 108308
2221 107039
2222 105402
2223 114188
2224 109163
2225 110427
2226 172102
2227 110977
2228 111301
2229 104924
2230 110240
2231 109638
2232 107483
2233 106567
2234 109495
2235 105341
2236 109221
2237 114733
2238 153760
2239 108820
2240 111334
2241 111603
2242 108995
2243 111902
2244 113249
2245 111260
2246 110374
2247 109050
2248 115205
2249 115829
2250 107969
2251 109594
2252 109826
2253 110511
2254 107114
2255 108914
2256 107855
2257 108303
2258 111927
2259 107246
2260 109288
2261 112438
2262 108479
2263 111754
2264 111323
2265 109504
2266 108999
2267 109308
2268 110397
2269 110996
2270 109462
2271 111420
2272 111821
2273 111742
2274 112926
2275 109856
2276 110688
2277 168771
2278 110284
2279 109348
2280 109328
2281 112922
2282 109570
2283 107619
2284 109313
2285 109040
2286 109119
2287 111538
2288 110538
2289 107085
2290 108018
2291 107597
2292 113645
2293 108793
2294 110087
2295 112941
2296 112474
2297 179957
2298 110877
2299 110706
2300 114598
2301 111984
2302 114149
2303 113633
2304 115144
2305 113216
2306 111185
2307 111443
2308 109720
2309 109876
2310 111616
2311 111422
2312 108475
2313 106530
2314 110085
2315 111577
2316 108815
2317 111118
2318 110371
2319 108681
2320 111639
2321 115236
2322 107737
2323 161581
2324 112599
2325 112654
2326 110119
2327 116308
2328 112279
2329 114829
2330 116349
2331 115952
2332 112458
2333 113402
2334 112892
2335 113326
2336 114519
2337 113812
2338 114741
2339 218471
2340 111655
2341 111448
2342 110844
2343 112268
2344 109968
2345 109604
2346 111663
2347 115097
2348 112988
2349 111212
2350 125414
2351 111184
2352 160054
2353 111214
2354 112260
2355 107170
2356 112425
2357 108671
2358 112455
2359 111231
2360 108376
2361 110802
2362 110328
2363 109123
2364 113010
2365 117613
2366 115490
2367 115850
2368 112784
2369 117030
2370 114571
2371 116085
2372 112925
2373 111664
2374 112366
2375 110391
2376 109869
2377 113249
2378 114336
2379 115010
2380 114916
2381 112748
2382 114161
2383 113124
2384 111042
2385 109200
2386 109817
2387 114364
2388 110723
2389 110910
2390 111441
2391 115429
2392 115272
2393 111797
2394 115946
2395 114983
2396 117698
2397 119599
2398 112863
2399 112779
2400 114133
2401 116200
2402 115563
2403 113641
2404 115382
2405 114615
2406 116281
2407 116481
2408 116965
2409 113628
2410 113845
2411 109197
2412 109903
2413 111294
2414 112201
2415 119293
2416 113201
2417 115916
2418 115330
2419 117057
2420 117685
2421 117220
2422 120021
2423 116785
2424 117910
2425 117424
2426 115128
2427 115447
2428 117497
2429 113210
2430 115185
2431 118457
2432 119241
2433 115711
2434 118024
2435 113799
2436 119416
2437 117304
2438 118812
2439 119097
2440 117731
2441 120219
2442 117009
2443 121199
2444 119830
2445 119342
2446 116802
2447 115148
2448 118115
2449 114944
2450 119127
2451 115262
2452 118772
2453 120206
2454 119017
2455 118753
2456 118790
2457 115807
2458 118298
2459 115981
2460 116918
2461 118951
2462 115816
2463 118980
2464 116860
2465 118267
2466 116390
2467 117321
2468 119536
2469 119463
2470 118526
2471 119822
2472 116820
2473 120649
2474 119102
2475 114526
2476 115025
2477 116560
2478 119297
2479 116660
2480 118233
2481 121462
2482 116209
2483 120298
2484 118081
2485 119225
2486 121507
2487 116332
2488 116998
2489 121849
2490 121606
2491 120938
2492 117162
2493 116723
2494 117610
2495 127032
2496 121917
2497 121611
2498 120078
2499 118938
2500 121928
2501 123000
2502 119405
2503 121985
2504 123485
2505 117795
2506 119102
2507 121135
2508 117459
2509 119122
2510 116670
2511 119455
2512 116564
2513 116888
2514 123564
2515 119746
2516 123127
2517 120757
2518 119659
2519 120076
2520 126640
2521 120321
2522 120695
2523 121676
2524 117768
2525 119208
2526 120477
2527 119954
2528 120956
2529 120768
2530 119158
2531 121994
2532 120380
2533 118262
2534 123134
2535 123217
2536 119338
2537 121660
2538 123554
2539 121347
2540 119618
2541 120497
2542 119607
2543 122797
2544 113691
2545 114486
2546 119402
2547 117081
2548 120453
2549 115294
2550 118048
2551 116216
2552 122081
2553 120673
2554 118911
2555 122173
2556 121962
2557 122190
2558 121417
2559 120248
2560 119254
2561 124139
2562 123228
2563 122142
2564 120591
2565 121605
2566 118444
2567 122068
2568 123640
2569 125580
2570 118504
2571 120777
2572 124777
2573 122736
2574 126398
2575 122737
2576 124061
2577 124167
2578 125879
2579 122040
2580 122141
2581 125802
2582 127386
2583 121593
2584 121169
2585 122648
2586 133030
2587 122631
2588 125494
2589 122666
2590 123206
2591 120802
2592 128156
2593 126710
2594 124442
2595 125575
2596 125646
2597 125598
2598 119889
2599 131625
2600 122537
2601 126802
2602 121111
2603 120617
2604 124381
2605 122676
2606 141805
2607 163656
2608 122379
2609 122256
2610 126828
2611 123286
2612 124095
2613 124530
2614 122605
2615 124265
2616 123992
2617 123989
2618 126893
2619 125415
2620 122190
2621 122388
2622 217943
2623 120068
2624 225484
2625 122236
2626 120656
2627 122294
2628 119044
2629 128549
2630 127098
2631 126405
2632 129033
2633 125051
2634 126143
2635 125097
2636 125506
2637 125384
2638 126386
2639 123876
2640 124589
2641 123831
2642 121433
2643 123911
2644 124595
2645 128629
2646 123673
2647 128525
2648 130627
2649 131123
2650 131206
2651 127261
2652 125878
2653 125189
2654 124455
2655 130226
2656 167504
2657 124491
2658 127767
2659 125068
2660 125745
2661 126194
2662 127475
2663 126352
2664 125220
2665 128352
2666 129233
2667 125654
2668 129573
2669 124782
2670 125828
2671 126545
2672 128268
2673 127846
2674 124547
2675 125154
2676 124919
2677 126391
2678 126192
2679 123353
2680 124441
2681 123875
2682 126025
2683 127719
2684 128449
2685 131824
2686 130814
2687 129579
2688 132112
2689 131431
2690 123970
2691 128241
2692 125099
2693 127177
2694 129425
2695 125021
2696 188863
2697 131631
2698 129301
2699 171581
2700 129164
2701 128169
2702 130118
2703 126915
2704 127324
2705 126433
2706 124380
2707 124650
2708 121576
2709 123115
2710 125402
2711 123767
2712 132328
2713 126916
2714 122397
2715 177723
2716 124152
2717 126758
2718 126969
2719 125219
2720 124420
2721 126380
2722 129925
2723 131102
2724 127349
2725 133035
2726 128558
2727 133268
2728 127677
2729 130980
2730 130019
2731 130013
2732 127325
2733 134337
2734 127855
2735 130279
2736 129332
2737 172608
2738 129259
2739 130598
2740 130053
2741 128267
2742 128081
2743 128078
2744 129766
2745 128505
2746 127374
2747 130918
2748 132302
2749 130899
2750 128582
2751 133418
2752 130055
2753 130380
2754 194612
2755 132137
2756 132757
2757 133547
2758 131593
2759 126738
2760 136498
2761 132103
2762 129618
2763 132104
2764 131937
2765 175069
2766 131784
2767 130685
2768 130657
2769 132809
2770 172216
2771 134773
2772 133880
2773 130097
2774 129363
2775 147741
2776 135185
2777 132194
2778 133195
2779 133671
2780 159780
2781 154555
2782 127113
2783 128303
2784 129884
2785 130168
2786 128718
2787 129343
2788 134166
2789 134301
2790 133031
2791 131138
2792 131804
2793 130273
2794 131932
2795 258315
2796 130172
2797 129112
2798 126862
2799 154796
2800 128525
2801 126607
2802 130102
2803 134166
2804 130199
2805 129848
2806 130604
2807 132756
2808 132226
2809 131245
2810 129973
2811 130029
2812 134720
2813 134459
2814 136235
2815 135398
2816 131524
2817 133632
2818 140936
2819 135523
2820 136797
2821 135216
2822 136270
2823 132742
2824 133175
2825 139617
2826 138258
2827 137303
2828 145219
2829 137204
2830 133211
2831 136966
2832 139030
2833 135596
2834 135295
2835 138271
2836 135449
2837 178064
2838 172256
2839 132511
2840 133142
2841 135400
2842 133216
2843 134361
2844 133873
2845 136738
2846 134621
2847 133180
2848 132024
2849 135117
2850 137189
2851 131906
2852 132117
2853 132535
2854 136752
2855 133346
2856 152096
2857 135738
2858 132160
2859 137388
2860 135135
2861 133943
2862 136092
2863 136580
2864 203107
2865 134947
2866 136489
2867 133971
2868 136795
2869 132920
2870 133348
2871 132550
2872 132638
2873 129439
2874 129683
2875 129524
2876 129098
2877 130258
2878 129514
2879 160031
2880 133935
2881 131561
2882 133133
2883 132845
2884 202799
2885 132259
2886 130240
2887 130514
2888 133593
2889 132266
2890 133235
2891 238272
2892 132258
2893 134676
2894 130002
2895 133004
2896 133785
2897 133255
2898 131854
2899 131429
2900 131693
2901 131619
2902 132534
2903 138722
2904 137371
2905 137012
2906 137528
2907 135179
2908 138941
2909 137503
2910 136994
2911 136672
2912 137076
2913 140618
2914 135515
2915 137274
2916 135943
2917 134234
2918 136671
2919 139097
2920 137251
2921 135432
2922 139289
2923 136898
2924 139251
2925 136705
2926 137404
2927 134781
2928 155014
2929 137766
2930 138908
2931 138006
2932 139900
2933 138319
2934 137528
2935 138629
2936 139477
2937 137035
2938 136719
2939 136850
2940 140239
2941 142533
2942 138954
2943 140962
2944 133564
2945 136462
2946 136872
2947 134571
2948 137227
2949 135388
2950 138734
2951 137462
2952 135057
2953 133641
2954 132795
2955 134646
2956 134846
2957 139971
2958 137063
2959 140292
2960 142332
2961 141030
2962 137159
2963 132902
2964 137518
2965 134894
2966 133071
2967 133072
2968 138285
2969 138282
2970 131009
2971 139036
2972 263492
2973 135853
2974 130867
2975 135206
2976 129595
2977 134365
2978 135168
2979 138070
2980 140624
2981 138767
2982 142393
2983 139061
2984 136915
2985 137206
2986 140948
2987 139125
2988 135986
2989 140907
2990 137410
2991 138255
2992 139635
2993 134821
2994 139341
2995 138528
2996 137300
2997 141583
2998 144149
2999 140562
3000 139527
3001 138929
3002 138291
3003 162825
3004 138870
3005 142062
3006 141069
3007 140883
3008 138034
3009 139952
3010 138268
3011 142344
3012 139995
3013 136351
3014 141117
3015 141111
3016 135032
3017 131765
3018 172389
3019 133740
3020 133552
3021 134931
3022 136667
3023 134794
3024 136614
3025 135373
3026 135980
3027 136617
3028 135669
3029 135897
3030 135062
3031 140127
3032 175563
3033 191769
3034 179851
3035 148734
3036 140772
3037 144020
3038 145062
3039 145156
3040 147411
3041 143435
3042 143588
3043 142202
3044 141821
3045 194046
3046 142015
3047 140013
3048 138420
3049 140107
3050 137166
3051 141696
3052 137766
3053 138181
3054 139407
3055 140543
3056 202261
3057 138012
3058 140003
3059 143206
3060 138332
3061 142574
3062 144679
3063 138697
3064 140395
3065 144621
3066 144448
3067 141805
3068 142794
3069 142110
3070 144519
3071 139530
3072 138841
3073 144790
3074 139078
3075 139991
3076 145058
3077 140723
3078 143346
3079 138801
3080 142611
3081 142263
3082 139436
3083 144838
3084 142967
3085 145237
3086 141924
3087 139928
3088 140198
3089 138392
3090 142193
3091 138123
3092 144283
3093 143900
3094 137482
3095 138199
3096 138688
3097 141470
3098 136946
3099 140846
3100 138755
3101 138912
3102 141586
3103 145395
3104 148122
3105 155037
3106 143312
3107 143844
3108 143822
3109 140894
3110 139058
3111 138022
3112 148033
3113 146239
3114 142110
3115 141495
3116 140679
3117 138054
3118 142315
3119 138353
3120 137115
3121 143814
3122 141000
3123 142373
3124 142035
3125 146940
3126 143926
3127 146449
3128 143720
3129 140476
3130 139951
3131 145433
3132 143345
3133 143152
3134 190603
3135 144192
3136 146808
3137 142855
3138 143617
3139 140423
3140 143583
3141 146575
3142 208528
3143 147209
3144 144186
3145 149640
3146 146090
3147 143553
3148 139531
3149 142699
3150 146735
3151 144047
3152 147767
3153 144409
3154 146529
3155 144052
3156 144385
3157 145793
3158 147455
3159 143123
3160 141780
3161 145717
3162 146118
3163 145964
3164 144607
3165 144712
3166 144409
3167 144242
3168 148736
3169 141570
3170 145195
3171 145571
3172 143102
3173 145710
3174 143339
3175 150186
3176 145872
3177 146233
3178 148429
3179 146896
3180 148835
3181 149419
3182 147302
3183 146743
3184 146729
3185 148633
3186 146399
3187 195904
3188 149233
3189 144491
3190 147891
3191 142651
3192 146004
3193 146192
3194 148291
3195 145638
3196 147912
3197 144177
3198 146691
3199 146237
3200 147729
3201 151218
3202 146626
3203 152765
3204 152062
3205 150277
3206 149066
3207 147651
3208 152803
3209 144964
3210 147311
3211 149114
3212 147947
3213 142729
3214 154866
3215 146461
3216 146345
3217 145700
3218 143689
3219 147983
3220 141653
3221 143143
3222 143771
3223 148708
3224 143866
3225 145008
3226 146025
3227 145249
3228 239749
3229 146322
3230 146567
3231 145265
3232 142992
3233 150766
3234 149269
3235 143142
3236 143746
3237 142099
3238 141813
3239 143562
3240 144938
3241 139996
3242 151685
3243 148575
3244 150569
3245 152099
3246 151857
3247 154119
3248 146610
3249 152502
3250 149517
3251 144807
3252 147358
3253 143155
3254 144990
3255 146592
3256 151516
3257 163481
3258 186423
3259 148958
3260 149541
3261 151236
3262 153100
3263 147036
3264 149172
3265 147030
3266 147844
3267 146870
3268 150116
3269 152031
3270 148343
3271 151437
3272 150182
3273 149238
3274 150701
3275 147237
3276 146645
3277 147505
3278 151138
3279 150759
3280 147631
3281 147397
3282 150196
3283 153184
3284 193908
3285 150788
3286 150594
3287 153157
3288 152296
3289 213489
3290 147777
3291 145188
3292 152527
3293 148863
3294 146921
3295 145505
3296 146311
3297 150995
3298 151506
3299 150832
3300 148721
3301 149011
3302 143564
3303 152219
3304 145097
3305 149642
3306 149157
3307 148477
3308 151211
3309 147530
3310 150137
3311 150281
3312 148443
3313 148784
3314 149052
3315 149439
3316 152163
3317 146812
3318 149677
3319 149193
3320 150942
3321 153279
3322 148148
3323 148087
3324 150406
3325 155259
3326 150910
3327 152216
3328 148189
3329 148499
3330 150164
3331 184711
3332 151302
3333 154383
3334 150638
3335 198078
3336 150966
3337 149455
3338 146361
3339 147122
3340 149755
3341 149806
3342 153547
3343 152366
3344 155430
3345 153822
3346 151713
3347 150724
3348 151635
3349 145476
3350 147481
3351 153707
3352 146307
3353 149887
3354 147659
3355 217788
3356 150655
3357 152742
3358 248342
3359 154142
3360 153524
3361 155686
3362 155049
3363 151274
3364 156409
3365 224859
3366 152349
3367 152914
3368 161413
3369 159909
3370 155653
3371 159524
3372 157940
3373 157573
3374 158401
3375 156174
3376 154724
3377 154123
3378 154775
3379 155623
3380 151834
3381 152969
3382 157642
3383 155692
3384 154709
3385 153233
3386 154594
3387 153654
3388 151970
3389 155130
3390 157660
3391 260748
3392 228405
3393 165666
3394 167931
3395 155895
3396 161491
3397 165110
3398 161544
3399 158029
3400 155803
3401 207545
3402 157391
3403 152007
3404 156399
3405 152559
3406 156737
3407 159162
3408 157675
3409 156778
3410 154369
3411 152275
3412 152743
3413 159713
3414 157158
3415 156841
3416 155375
3417 150903
3418 153487
3419 153410
3420 281457
3421 152180
3422 151277
3423 151644
3424 148879
3425 153008
3426 149041
3427 153324
3428 152617
3429 158444
3430 159122
3431 153907
3432 156183
3433 158100
3434 155370
3435 156272
3436 152255
3437 153853
3438 157275
3439 157734
3440 155605
3441 154825
3442 156786
3443 160272
3444 157102
3445 157874
3446 157119
3447 153510
3448 154958
3449 234478
3450 150163
3451 154895
3452 150301
3453 149982
3454 147556
3455 154701
3456 150987
3457 157872
3458 155567
3459 161259
3460 157734
3461 155643
3462 155998
3463 161034
3464 156759
3465 157756
3466 157647
3467 153728
3468 188894
3469 162428
3470 160153
3471 155822
3472 160344
3473 160153
3474 159088
3475 158696
3476 157895
3477 154789
3478 159151
3479 158628
3480 156129
3481 151709
3482 159720
3483 154466
3484 161813
3485 157753
3486 152311
3487 155392
3488 156307
3489 155008
3490 170344
3491 158407
3492 163773
3493 162200
3494 155530
3495 196290
3496 160627
3497 155566
3498 159111
3499 160076
3500 162118
3501 159120
3502 229939
3503 158461
3504 165766
3505 156650
3506 170990
3507 162221
3508 159589
3509 202703
3510 384421
3511 154908
3512 152589
3513 162583
3514 155289
3515 162268
3516 153305
3517 159407
3518 158792
3519 162325
3520 161480
3521 158655
3522 156970
3523 161738
3524 156253
3525 160196
3526 158463
3527 163676
3528 174977
3529 157673
3530 161859
3531 161656
3532 158095
3533 157423
3534 161974
3535 203993
3536 159885
3537 157411
3538 160832
3539 156247
3540 160788
3541 159082
3542 155959
3543 158985
3544 163505
3545 162466
3546 157219
3547 158995
3548 163340
3549 164846
3550 159965
3551 215911
3552 161311
3553 162153
3554 162508
3555 158628
3556 159385
3557 160419
3558 154738
3559 156051
3560 153093
3561 156862
3562 157236
3563 156377
3564 157347
3565 163128
3566 159761
3567 168165
3568 161716
3569 206746
3570 159171
3571 166295
3572 162361
3573 159186
3574 161845
3575 160650
3576 162698
3577 165012
3578 159170
3579 166870
3580 162635
3581 159185
3582 156561
3583 162191
3584 159362
3585 164071
3586 162494
3587 160472
3588 161532
3589 157672
3590 154177
3591 154345
3592 158293
3593 154969
3594 156727
3595 159414
3596 162919
3597 164944
3598 162665
3599 162308
3600 161781
3601 161447
3602 164371
3603 161633
3604 161960
3605 160600
3606 203950
3607 162648
3608 160212
3609 160671
3610 157473
3611 157258
3612 165819
3613 158637
3614 165014
3615 165305
3616 160421
3617 161383
3618 164323
3619 163103
3620 166020
3621 168859
3622 164200
3623 162605
3624 162716
3625 163962
3626 168050
3627 164707
3628 162501
3629 159712
3630 165959
3631 164006
3632 163910
3633 163040
3634 163286
3635 161205
3636 163592
3637 163597
3638 159008
3639 164329
3640 158935
3641 155890
3642 343066
3643 179311
3644 162632
3645 164473
3646 201941
3647 166591
3648 167453
3649 163774
3650 168682
3651 164296
3652 167845
3653 166551
3654 162742
3655 162930
3656 169133
3657 169092
3658 163027
3659 163274
3660 168160
3661 166291
3662 159331
3663 161320
3664 160224
3665 162380
3666 158851
3667 163088
3668 161459
3669 161185
3670 161565
3671 158193
3672 157805
3673 157990
3674 166645
3675 165485
3676 163518
3677 161670
3678 167172
3679 162235
3680 170559
3681 160158
3682 165057
3683 161612
3684 164757
3685 164469
3686 165453
3687 161921
3688 157867
3689 160335
3690 162444
3691 162715
3692 161253
3693 159326
3694 166322
3695 168559
3696 169271
3697 163153
3698 155105
3699 161160
3700 158348
3701 244458
3702 254108
3703 159641
3704 163554
3705 163294
3706 164632
3707 157508
3708 165584
3709 162439
3710 164785
3711 161677
3712 166453
3713 161071
3714 158186
3715 163079
3716 161538
3717 161451
3718 164347
3719 162744
3720 167860
3721 165099
3722 161803
3723 165917
3724 169119
3725 168109
3726 162779
3727 162345
3728 165621
3729 164041
3730 168164
3731 167326
3732 165804
3733 167264
3734 167018
3735 166592
3736 165094
3737 164960
3738 167416
3739 157614
3740 214703
3741 225333
3742 163449
3743 163644
3744 164040
3745 167344
3746 163003
3747 164865
3748 166938
3749 168219
3750 165233
3751 164512
3752 166832
3753 169964
3754 164803
3755 167271
3756 166969
3757 159922
3758 160601
3759 162094
3760 157787
3761 159565
3762 164098
3763 169075
3764 167226
3765 163232
3766 163285
3767 163670
3768 164537
3769 164647
3770 159722
3771 164608
3772 161885
3773 159090
3774 160218
3775 166051
3776 162513
3777 163210
3778 163761
3779 162056
3780 170241
3781 164972
3782 164925
3783 170589
3784 169415
3785 167209
3786 159134
3787 158615
3788 161064
3789 160805
3790 159720
3791 159545
3792 168378
3793 161767
3794 167896
3795 164270
3796 166946
3797 163707
3798 169758
3799 166186
3800 168358
3801 167119
3802 168266
3803 161662
3804 166451
3805 169987
3806 164502
3807 260181
3808 169901
3809 164823
3810 165794
3811 170973
3812 164620
3813 171035
3814 169660
3815 170210
3816 166088
3817 163751
3818 166018
3819 171527
3820 170024
3821 166211
3822 166958
3823 169073
3824 170532
3825 167810
3826 166304
3827 165201
3828 171447
3829 168719
3830 165290
3831 168308
3832 167343
3833 166057
3834 163620
3835 165412
3836 174577
3837 175191
3838 164657
3839 164865
3840 254912
3841 165667
3842 165987
3843 165314
3844 165224
3845 160640
3846 165471
3847 167809
3848 170117
3849 173175
3850 172052
3851 172672
3852 167917
3853 171045
3854 169522
3855 169095
3856 164033
3857 169183
3858 173202
3859 167092
3860 181974
3861 170695
3862 173721
3863 172165
3864 176553
3865 180505
3866 169164
3867 174945
3868 172662
3869 177265
3870 173661
3871 171353
3872 167196
3873 168371
3874 169322
3875 170788
3876 207984
3877 171461
3878 171116
3879 166946
3880 167904
3881 170969
3882 169669
3883 170516
3884 173627
3885 172741
3886 168325
3887 184567
3888 206920
3889 250510
3890 172130
3891 169863
3892 172147
3893 173614
3894 171866
3895 176758
3896 178308
3897 175562
3898 170450
3899 174003
3900 171627
3901 173462
3902 169552
3903 169249
3904 177329
3905 166198
3906 167162
3907 166448
3908 169070
3909 168073
3910 171382
3911 169941
3912 174518
3913 171339
3914 169152
3915 175771
3916 175791
3917 172121
3918 168409
3919 174198
3920 174735
3921 177745
3922 172807
3923 175055
3924 172572
3925 173659
3926 171947
3927 177149
3928 169623
3929 230608
3930 171705
3931 172806
3932 174551
3933 167262
3934 168951
3935 167883
3936 167337
3937 173637
3938 170546
3939 171581
3940 174264
3941 177689
3942 170767
3943 172227
3944 169875
3945 175036
3946 171860
3947 178145
3948 173603
3949 169727
3950 163805
3951 169445
3952 168435
3953 170741
3954 170609
3955 169292
3956 162976
3957 172344
3958 167918
3959 167555
3960 178728
3961 176019
3962 171685
3963 169111
3964 166515
3965 223523
3966 172315
3967 172255
3968 172025
3969 172685
3970 170600
3971 181938
3972 172181
3973 173419
3974 169961
3975 176825
3976 172346
3977 175434
3978 170587
3979 172710
3980 167195
3981 168111
3982 174672
3983 174688
3984 169773
3985 169137
3986 172793
3987 176129
3988 176316
3989 180683
3990 176791
3991 320422
3992 182271
3993 192745
3994 179992
3995 177471
3996 179415
3997 178527
3998 170384
3999 173988
4000 176282
4001 176650
4002 174506
4003 176072
4004 175473
4005 179002
4006 172580
4007 173510
4008 181893
4009 175192
4010 175309
4011 176190
4012 175976
4013 176457
4014 167949
4015 168779
4016 166862
4017 168858
4018 174520
4019 171358
4020 180999
4021 176268
4022 171556
4023 174823
4024 172045
4025 184481
4026 176176
4027 173249
4028 172969
4029 176295
4030 177601
4031 179974
4032 242628
4033 176071
4034 175167
4035 171357
4036 174932
4037 173322
4038 172561
4039 173389
4040 172626
4041 175933
4042 174891
4043 178137
4044 178780
4045 178607
4046 181376
4047 258703
4048 176238
4049 174329
4050 173575
4051 179158
4052 177338
4053 180450
4054 179090
4055 178508
4056 193329
4057 174084
4058 173634
4059 177886
4060 177461
4061 179184
4062 175717
4063 175337
4064 177675
4065 177960
4066 175956
4067 179642
4068 178880
4069 179495
4070 179000
4071 179117
4072 170507
4073 177740
4074 213478
4075 171492
4076 180366
4077 175326
4078 175035
4079 178330
4080 180435
4081 186254
4082 179893
4083 181086
4084 179996
4085 179107
4086 177021
4087 177801
4088 175074
4089 175275
4090 173402
4091 176840
4092 172225
4093 172280
4094 178155
4095 178253
4096 176183
4097 178593
4098 174868
4099 178059
4100 176395
4101 178796
4102 177477
4103 186312
4104 176514
4105 173289
4106 180035
4107 176208
4108 180253
4109 178045
4110 171824
4111 183709
4112 185468
4113 173005
4114 180181
4115 182618
4116 175385
4117 180575
4118 174618
4119 177624
4120 179928
4121 182037
4122 175203
4123 179355
4124 193090
4125 176638
4126 178841
4127 184268
4128 178357
4129 176325
4130 173972
4131 172043
4132 174707
4133 176780
4134 242225
4135 183585
4136 178110
4137 179513
4138 178370
4139 181058
4140 182607
4141 177561
4142 186997
4143 178228
4144 179303
4145 178392
4146 181528
4147 177810
4148 175648
4149 178163
4150 184462
4151 182233
4152 178131
4153 181325
4154 179984
4155 176636
4156 181178
4157 179307
4158 176278
4159 178744
4160 177569
4161 180703
4162 177864
4163 178336
4164 180186
4165 176969
4166 182232
4167 181048
4168 179939
4169 181117
4170 178903
4171 177828
4172 177903
4173 211985
4174 176311
4175 172636
4176 176450
4177 178665
4178 178022
4179 175594
4180 179214
4181 179639
4182 180180
4183 186353
4184 183211
4185 188431
4186 181901
4187 175290
4188 178136
4189 188229
4190 181766
4191 178411
4192 180759
4193 178452
4194 181808
4195 180482
4196 196122
4197 171811
4198 174327
4199 177852
4200 175690
4201 177813
4202 185861
4203 177676
4204 179540
4205 174802
4206 184111
4207 182463
4208 181095
4209 178682
4210 182260
4211 180593
4212 175818
4213 176105
4214 182459
4215 179007
4216 178494
4217 182567
4218 181757
4219 183039
4220 186155
4221 178940
4222 167155
4223 176941
4224 178052
4225 176485
4226 178630
4227 173076
4228 176410
4229 175723
4230 177020
4231 175444
4232 182614
4233 184739
4234 180954
4235 179008
4236 185500
4237 187613
4238 184355
4239 182264
4240 182524
4241 183727
4242 188016
4243 184605
4244 181122
4245 181229
4246 181051
4247 179714
4248 180094
4249 180271
4250 179200
4251 182627
4252 176064
4253 178310
4254 177688
4255 180217
4256 186133
4257 184858
4258 184885
4259 185976
4260 182838
4261 179227
4262 180754
4263 184252
4264 190491
4265 186344
4266 186122
4267 182271
4268 188539
4269 183298
4270 185465
4271 376802
4272 183127
4273 173087
4274 179830
4275 182808
4276 185356
4277 182855
4278 175014
4279 176620
4280 181294
4281 258623
4282 180026
4283 181397
4284 180019
4285 185568
4286 231245
4287 182647
4288 185506
4289 184964
4290 176133
4291 183067
4292 187147
4293 185112
4294 182084
4295 178939
4296 174589
4297 177020
4298 177004
4299 178386
4300 183615
4301 182712
4302 184198
4303 183253
4304 189660
4305 183791
4306 188599
4307 186227
4308 183937
4309 181331
4310 180700
4311 182309
4312 183894
4313 186600
4314 185200
4315 182311
4316 183570
4317 184733
4318 182518
4319 186032
4320 181956
4321 181944
4322 188659
4323 179314
4324 181691
4325 182019
4326 184208
4327 186465
4328 176585
4329 184808
4330 180689
4331 176290
4332 186022
4333 187565
4334 191119
4335 183589
4336 180635
4337 186531
4338 187674
4339 184675
4340 190030
4341 185496
4342 185176
4343 186393
4344 189535
4345 183525
4346 182709
4347 188865
4348 209160
4349 181084
4350 183649
4351 180005
4352 181768
4353 180652
4354 181342
4355 182018
4356 265798
4357 177762
4358 181745
4359 182553
4360 187232
4361 187412
4362 185498
4363 187010
4364 187619
4365 184719
4366 177977
4367 184868
4368 194926
4369 185492
4370 184318
4371 182391
4372 184111
4373 179042
4374 178825
4375 177427
4376 179347
4377 176129
4378 181163
4379 181605
4380 182684
4381 189902
4382 183818
4383 180265
4384 180764
4385 181589
4386 181758
4387 188040
4388 191431
4389 180477
4390 256095
4391 184170
4392 183538
4393 186196
4394 183547
4395 248449
4396 186310
4397 183989
4398 185053
4399 180213
4400 180833
4401 184039
4402 188382
4403 187535
4404 190017
4405 182349
4406 172517
4407 190983
4408 184556
4409 185775
4410 187099
4411 186153
4412 186571
4413 183958
4414 188033
4415 186868
4416 183927
4417 190638
4418 187272
4419 186535
4420 180792
4421 225993
4422 190879
4423 180453
4424 185664
4425 191168
4426 192587
4427 184137
4428 180269
4429 177738
4430 179439
4431 388920
4432 181253
4433 181717
4434 191057
4435 186691
4436 190572
4437 186389
4438 187926
4439 239467
4440 187100
4441 188443
4442 189695
4443 190031
4444 190504
4445 295812
4446 190013
4447 193376
4448 176910
4449 179612
4450 183227
4451 183274
4452 181456
4453 189597
4454 185343
4455 191311
4456 181615
4457 191305
4458 190381
4459 186365
4460 188968
4461 186474
4462 184663
4463 187525
4464 188667
4465 186378
4466 190744
4467 474932
4468 182003
4469 185047
4470 184160
4471 181038
4472 187097
4473 223101
4474 189574
4475 192375
4476 192394
4477 185880
4478 188684
4479 184007
4480 186798
4481 190366
4482 190571
4483 184059
4484 184257
4485 190134
4486 187831
4487 185384
4488 185276
4489 185296
4490 188849
4491 256469
4492 187518
4493 193699
4494 185876
4495 192618
4496 190850
4497 237456
4498 188787
4499 187064
4500 186262
4501 201407
4502 190746
4503 187331
4504 191983
4505 190607
4506 179616
4507 298951
4508 186098
4509 188486
4510 188227
4511 186563
4512 196026
4513 191963
4514 187540
4515 190416
4516 187377
4517 185572
4518 189728
4519 188723
4520 193584
4521 188999
4522 185383
4523 192039
4524 270018
4525 188814
4526 189025
4527 188291
4528 190222
4529 190996
4530 183441
4531 184004
4532 194482
4533 189700
4534 189839
4535 189195
4536 201696
4537 189108
4538 192336
4539 192252
4540 188935
4541 188747
4542 187835
4543 189516
4544 183707
4545 187909
4546 184837
4547 187222
4548 182732
4549 191173
4550 189827
4551 192183
4552 191912
4553 188670
4554 187803
4555 194564
4556 188008
4557 188550
4558 188799
4559 200045
4560 188458
4561 188030
4562 189710
4563 191511
4564 196615
4565 196513
4566 188250
4567 190662
4568 180459
4569 181622
4570 187535
4571 182613
4572 182345
4573 181200
4574 184533
4575 182476
4576 185770
4577 248629
4578 190641
4579 192350
4580 190799
4581 192193
4582 195025
4583 193494
4584 193471
4585 200437
4586 189466
4587 193239
4588 186268
4589 182837
4590 194442
4591 191288
4592 190486
4593 188886
4594 188184
4595 193204
4596 182428
4597 188217
4598 192228
4599 190853
4600 189027
4601 192845
4602 194994
4603 188821
4604 192243
4605 187106
4606 191057
4607 192016
4608 195239
4609 195356
4610 192324
4611 190194
4612 194635
4613 195897
4614 189831
4615 193304
4616 193491
4617 189067
4618 192102
4619 194229
4620 189004
4621 191092
4622 193765
4623 197042
4624 191165
4625 193921
4626 193269
4627 242326
4628 193181
4629 196839
4630 198376
4631 200092
4632 187691
4633 194127
4634 196276
4635 192326
4636 185956
4637 193867
4638 187883
4639 181262
4640 249519
4641 185405
4642 191852
4643 193146
4644 194378
4645 197109
4646 193767
4647 192196
4648 199205
4649 195561
4650 191080
4651 196475
4652 193182
4653 187962
4654 190151
4655 194272
4656 198583
4657 191422
4658 190524
4659 191840
4660 186818
4661 197598
4662 191094
4663 193452
4664 193151
4665 201488
4666 194631
4667 198692
4668 193141
4669 189780
4670 195920
4671 442883
4672 177684
4673 187417
4674 187440
4675 188019
4676 195351
4677 197528
4678 194164
4679 201509
4680 194689
4681 195295
4682 201868
4683 198005
4684 190335
4685 196128
4686 195313
4687 190914
4688 188678
4689 186899
4690 201493
4691 192880
4692 191660
4693 190508
4694 187412
4695 188294
4696 188967
4697 184700
4698 349395
4699 190900
4700 195523
4701 191133
4702 191710
4703 197250
4704 190893
4705 195509
4706 191192
4707 190752
4708 200453
4709 319747
4710 189363
4711 188468
4712 195054
4713 194230
4714 196921
4715 195808
4716 193477
4717 197522
4718 195530
4719 240873
4720 194541
4721 191465
4722 187840
4723 189582
4724 193249
4725 190365
4726 238912
4727 200328
4728 262579
4729 192371
4730 195102
4731 192250
4732 198027
4733 194795
4734 202658
4735 191444
4736 191299
4737 393660
4738 194397
4739 194808
4740 188874
4741 190392
4742 192738
4743 187925
4744 252306
4745 195571
4746 199538
4747 195164
4748 187509
4749 196464
4750 199627
4751 194744
4752 198822
4753 192248
4754 207533
4755 193357
4756 194123
4757 185026
4758 192470
4759 195138
4760 195072
4761 194074
4762 197573
4763 193218
4764 203445
4765 196388
4766 194356
4767 197174
4768 199824
4769 192559
4770 192352
4771 200601
4772 189327
4773 198304
4774 194712
4775 195048
4776 198295
4777 201534
4778 195474
4779 197992
4780 195820
4781 197485
4782 197710
4783 197277
4784 198799
4785 197686
4786 382062
4787 199432
4788 201405
4789 199137
4790 192530
4791 200909
4792 196282
4793 194292
4794 197267
4795 255162
4796 197868
4797 203588
4798 194207
4799 196072
4800 198627
4801 205103
4802 197608
4803 194405
4804 197659
4805 187102
4806 355951
4807 197036
4808 191102
4809 196725
4810 195488
4811 196533
4812 199599
4813 201432
4814 200113
4815 197618
4816 204709
4817 201218
4818 194902
4819 194134
4820 198734
4821 202650
4822 190205
4823 196442
4824 191362
4825 198787
4826 195467
4827 194252
4828 193656
4829 195322
4830 193821
4831 192175
4832 192521
4833 190558
4834 191301
4835 189259
4836 203928
4837 203403
4838 198031
4839 196659
4840 198245
4841 199433
4842 200562
4843 205458
4844 205504
4845 202990
4846 195153
4847 194976
4848 196690
4849 198777
4850 197311
4851 196968
4852 199792
4853 206822
4854 199450
4855 189093
4856 203259
4857 196200
4858 198476
4859 200283
4860 200062
4861 199826
4862 194741
4863 192750
4864 197616
4865 198488
4866 199153
4867 199207
4868 196358
4869 196064
4870 198656
4871 201139
4872 198411
4873 193392
4874 196321
4875 193691
4876 287846
4877 192435
4878 198841
4879 199735
4880 195717
4881 202687
4882 203129
4883 200649
4884 200904
4885 197904
4886 204619
4887 201903
4888 201489
4889 198567
4890 199680
4891 245294
4892 203257
4893 199825
4894 193315
4895 195145
4896 199911
4897 195701
4898 196191
4899 195281
4900 430808
4901 197880
4902 203601
4903 206110
4904 203219
4905 197349
4906 202490
4907 203472
4908 279068
4909 201501
4910 202471
4911 194408
4912 195751
4913 195335
4914 194473
4915 197953
4916 197514
4917 194725
4918 190765
4919 191191
4920 192898
4921 200244
4922 301609
4923 193025
4924 207561
4925 204211
4926 202413
4927 197829
4928 198047
4929 196362
4930 195772
4931 200188
4932 197564
4933 202994
4934 197537
4935 200467
4936 241035
4937 231706
4938 208324
4939 202180
4940 200746
4941 203889
4942 203585
4943 203861
4944 202295
4945 197567
4946 204430
4947 203449
4948 204136
4949 200789
4950 199037
4951 205779
4952 203279
4953 203175
4954 202597
4955 199282
4956 198369
4957 210058
4958 199921
4959 196929
4960 204470
4961 210206
4962 206117
4963 200639
4964 203905
4965 231220
4966 200305
4967 201809
4968 277366
4969 199091
4970 200049
4971 192345
4972 197974
4973 200887
4974 206080
4975 207245
4976 205174
4977 200049
4978 203303
4979 198172
4980 205387
4981 202503
4982 203381
4983 201793
4984 194331
4985 195026
4986 199743
4987 201439
4988 283001
4989 203959
4990 202164
4991 203814
4992 199202
4993 206155
4994 203267
4995 199653
4996 206824
4997 203317
4998 204133
4999 195825
