# array_size time
1 3546
2 2241
3 2091
4 2771
5 2335
6 8723
7 2280
8 2447
9 2801
10 2007
11 2590
12 2666
13 2552
14 2948
15 2300
16 3362
17 2543
18 2869
19 2828
20 2895
21 3465
22 2711
23 3237
24 3148
25 4223
26 3782
27 3395
28 3500
29 3893
30 2681
31 3776
32 17129
33 3327
34 3446
35 3650
36 2352
37 3103
38 3264
39 3630
40 3603
41 3390
42 3536
43 2634
44 3031
45 3991
46 2468
47 3543
48 3202
49 3281
50 2188
51 3184
52 2978
53 3047
54 3297
55 3455
56 2796
57 2610
58 3373
59 3467
60 3594
61 3161
62 3504
63 3034
64 4080
65 4156
66 2539
67 2855
68 3148
69 3307
70 4324
71 3520
72 2541
73 2848
74 3165
75 2314
76 2763
77 2605
78 3157
79 2773
80 3510
81 3123
82 3074
83 3764
84 3381
85 2505
86 2821
87 3686
88 3767
89 2769
90 3659
91 2936
92 4230
93 3120
94 3920
95 3438
96 3966
97 3259
98 4102
99 2994
100 3497
101 4533
102 3432
103 4299
104 3422
105 4062
106 2733
107 3893
108 2818
109 3482
110 4077
111 3016
112 3752
113 4073
114 3248
115 3832
116 3361
117 3076
118 3302
119 2775
120 3572
121 3691
122 3402
123 2944
124 4681
125 2718
126 3759
127 3787
128 3564
129 3526
130 3189
131 5221
132 4589
133 4182
134 2523
135 2842
136 3515
137 3487
138 3813
139 4852
140 3431
141 3595
142 3924
143 3277
144 4016
145 3679
146 3451
147 4102
148 3456
149 3625
150 3531
151 4476
152 2992
153 3787
154 4618
155 3337
156 3937
157 3814
158 4327
159 3607
160 4177
161 3877
162 4982
163 4356
164 2840
165 2941
166 4324
167 3704
168 3008
169 4557
170 3961
171 4084
172 6650
173 3807
174 2810
175 3160
176 3973
177 3565
178 3642
179 3740
180 3769
181 4271
182 3113
183 3172
184 3365
185 4384
186 2943
187 4474
188 30927
189 5344
190 4227
191 3483
192 2966
193 2721
194 3791
195 4001
196 3804
197 4990
198 3879
199 4168
200 2730
201 4532
202 2973
203 2536
204 5003
205 5876
206 3673
207 4399
208 2701
209 4962
210 4540
211 18957
212 4594
213 5885
214 4912
215 4108
216 3931
217 4439
218 4159
219 3809
220 3607
221 3995
222 3662
223 3333
224 3532
225 4438
226 3525
227 3113
228 3328
229 2952
230 17824
231 2853
232 3645
233 3844
234 5096
235 4013
236 2810
237 3458
238 4147
239 4065
240 3444
241 5710
242 3780
243 3296
244 4810
245 3364
246 4383
247 3011
248 5168
249 4047
250 3754
251 4627
252 4410
253 4405
254 4028
255 4362
256 3548
257 3568
258 3421
259 3167
260 3288
261 5379
262 3417
263 2954
264 3968
265 4278
266 4337
267 4591
268 3947
269 3875
270 3764
271 3394
272 4196
273 4423
274 3584
275 3287
276 3637
277 4343
278 3825
279 3516
280 3403
281 3105
282 3989
283 4674
284 5209
285 5102
286 3199
287 3782
288 3775
289 3138
290 4516
291 4714
292 3745
293 3869
294 3517
295 3781
296 3141
297 4032
298 2112
299 4668
300 3375
301 3514
302 3331
303 3779
304 3534
305 4775
306 3159
307 5209
308 3544
309 2510
310 3543
311 4343
312 4461
313 3814
314 5342
315 4381
316 3957
317 4469
318 4620
319 4549
320 4322
321 4002
322 4662
323 3859
324 3086
325 3626
326 4550
327 3709
328 3142
329 2258
330 5314
331 4448
332 3152
333 3923
334 3282
335 2919
336 3980
337 5454
338 3981
339 3044
340 3898
341 4553
342 3199
343 3362
344 5205
345 4315
346 3825
347 5752
348 5321
349 3978
350 3698
351 4044
352 4621
353 3805
354 3545
355 3046
356 7702
357 3955
358 3983
359 3871
360 4862
361 3690
362 3803
363 3818
364 4089
365 4535
366 5531
367 4126
368 3518
369 3802
370 3996
371 4245
372 4064
373 4871
374 3578
375 4611
376 4175
377 4534
378 3260
379 4476
380 3223
381 4609
382 3952
383 3998
384 3783
385 3508
386 3086
387 4238
388 4772
389 4372
390 2735
391 3407
392 4569
393 3585
394 5168
395 3915
396 3871
397 43744
398 4651
399 4786
400 3651
401 3636
402 3734
403 3581
404 38097
405 3418
406 3931
407 3802
408 4728
409 5553
410 5428
411 4553
412 4462
413 4136
414 4750
415 3418
416 4284
417 2941
418 3641
419 3936
420 4399
421 4779
422 3344
423 5981
424 2488
425 3755
426 3689
427 3759
428 3792
429 3673
430 4032
431 4530
432 4924
433 19020
434 4155
435 3765
436 3638
437 3393
438 5696
439 4004
440 3963
441 4081
442 4263
443 3505
444 5100
445 4519
446 4721
447 3869
448 3646
449 4335
450 3387
451 3404
452 3847
453 3748
454 3784
455 3458
456 4644
457 3369
458 3927
459 2757
460 5782
461 5942
462 3733
463 4138
464 4472
465 4526
466 4030
467 4413
468 4216
469 2565
470 5415
471 4525
472 4593
473 3413
474 3313
475 4494
476 4689
477 4333
478 4498
479 4511
480 2604
481 3666
482 3912
483 3805
484 3899
485 4176
486 4287
487 5135
488 4069
489 4023
490 2732
491 3463
492 4623
493 3588
494 3303
495 4539
496 3491
497 4098
498 4253
499 3873
500 3121
501 4803
502 3486
503 3731
504 4352
505 5087
506 3273
507 5042
508 4679
509 4788
510 4884
511 3146
512 4453
513 3118
514 3648
515 3960
516 4527
517 4058
518 5343
519 4657
520 4075
521 4470
522 3820
523 4642
524 2939
525 4702
526 4119
527 4799
528 5843
529 4518
530 3961
531 3625
532 4615
533 5449
534 5268
535 4553
536 3421
537 3739
538 3886
539 4915
540 3489
541 2747
542 4032
543 5011
544 2852
545 4090
546 3830
547 4136
548 3876
549 3502
550 4665
551 4517
552 5522
553 4040
554 4680
555 4976
556 3949
557 6280
558 4666
559 3717
560 4031
561 5648
562 3961
563 5486
564 4486
565 3550
566 3850
567 3334
568 3840
569 3252
570 4666
571 4230
572 3316
573 4233
574 5079
575 3963
576 4023
577 4912
578 4930
579 3594
580 4724
581 5564
582 3866
583 3928
584 3965
585 3595
586 4369
587 4281
588 3958
589 4583
590 4225
591 3642
592 3608
593 3551
594 4445
595 3816
596 4144
597 4265
598 3660
599 4721
600 3505
601 2510
602 4267
603 3019
604 4224
605 4622
606 2707
607 3785
608 4408
609 4865
610 4771
611 3217
612 5080
613 3639
614 3732
615 4348
616 4872
617 3655
618 3271
619 4167
620 3295
621 4523
622 4111
623 3866
624 3809
625 5064
626 3380
627 3926
628 3445
629 4794
630 4204
631 4281
632 4240
633 4801
634 4445
635 5665
636 4579
637 4219
638 3529
639 3465
640 4095
641 4033
642 4358
643 3874
644 4026
645 3753
646 3933
647 5330
648 5133
649 4041
650 3770
651 3530
652 4227
653 3802
654 4283
655 3680
656 3676
657 6006
658 4237
659 4387
660 5575
661 4260
662 5375
663 5213
664 4013
665 3241
666 3887
667 3422
668 4485
669 5012
670 4058
671 4636
672 6666
673 2851
674 4420
675 4164
676 5360
677 4125
678 4477
679 6809
680 4937
681 3817
682 4072
683 5390
684 4571
685 4233
686 5436
687 5487
688 4898
689 3344
690 4743
691 3255
692 3783
693 3507
694 3951
695 4450
696 5180
697 4740
698 7401
699 5197
700 7063
701 7366
702 4443
703 6522
704 7767
705 7142
706 8981
707 5109
708 5363
709 10775
710 5718
711 5747
712 8031
713 10722
714 8620
715 7621
716 8247
717 3992
718 6765
719 9994
720 6586
721 6583
722 5604
723 4835
724 7638
725 6149
726 5617
727 6503
728 6772
729 7532
730 6819
731 6844
732 7611
733 2237
734 5575
735 6145
736 5380
737 6300
738 5157
739 4009
740 4134
741 5100
742 3519
743 4000
744 4223
745 4001
746 5502
747 4244
748 4182
749 3512
750 4113
751 5529
752 4008
753 4622
754 6120
755 4581
756 3752
757 3158
758 4031
759 4563
760 5406
761 4872
762 4708
763 3820
764 4159
765 5340
766 3920
767 3059
768 4230
769 2565
770 4142
771 4361
772 4400
773 4868
774 4054
775 4549
776 4509
777 2718
778 4855
779 4469
780 4425
781 5449
782 5353
783 3940
784 4381
785 4987
786 4511
787 4475
788 2681
789 3836
790 5624
791 3912
792 3923
793 4517
794 3886
795 2830
796 5032
797 4400
798 5128
799 4528
800 3385
801 5351
802 3959
803 5754
804 3571
805 5254
806 4154
807 5364
808 4458
809 3973
810 5926
811 3612
812 3880
813 3832
814 4817
815 4584
816 4429
817 4726
818 4165
819 4869
820 4555
821 3931
822 4883
823 4640
824 5422
825 3442
826 4325
827 3935
828 5109
829 6128
830 5020
831 3805
832 3515
833 4504
834 4028
835 4382
836 5124
837 6302
838 4432
839 4475
840 4577
841 4871
842 4415
843 5077
844 6373
845 4146
846 5232
847 4239
848 4108
849 4714
850 3815
851 3292
852 3692
853 4118
854 3065
855 3887
856 4430
857 4431
858 4433
859 4959
860 4015
861 4456
862 4132
863 4615
864 4094
865 4947
866 4331
867 4497
868 4995
869 4591
870 4015
871 3940
872 3884
873 5349
874 3977
875 4893
876 4503
877 4112
878 4976
879 4499
880 4387
881 5251
882 4573
883 4013
884 5298
885 6068
886 3504
887 2504
888 3948
889 4383
890 4767
891 5509
892 5191
893 3781
894 3284
895 7053
896 4028
897 3254
898 4191
899 4306
900 2885
901 3040
902 3933
903 5135
904 2980
905 3777
906 4647
907 4910
908 5224
909 5865
910 3613
911 4321
912 3290
913 4624
914 4074
915 5298
916 4968
917 4049
918 2651
919 3647
920 3561
921 5089
922 4460
923 4770
924 5501
925 4213
926 4533
927 3879
928 4647
929 4017
930 4956
931 3591
932 4831
933 2903
934 4483
935 5011
936 4185
937 5261
938 1640
939 4749
940 3717
941 4235
942 5488
943 4505
944 3257
945 4776
946 4340
947 4393
948 3860
949 4743
950 4074
951 3942
952 5074
953 2775
954 5297
955 5365
956 3874
957 5939
958 4946
959 4879
960 4730
961 6644
962 4992
963 3936
964 4750
965 4284
966 4126
967 4244
968 3701
969 4249
970 5525
971 4774
972 5312
973 4433
974 4777
975 4150
976 4204
977 3279
978 5412
979 3962
980 4518
981 4308
982 3692
983 4304
984 5998
985 6006
986 5510
987 3569
988 5211
989 4787
990 4461
991 4859
992 4535
993 4806
994 4701
995 3777
996 4580
997 3633
998 4084
999 3730
1000 2967
1001 4334
1002 5433
1003 5090
1004 4717
1005 4945
1006 5395
1007 4614
1008 4404
1009 5230
1010 4215
1011 4170
1012 4062
1013 5087
1014 4783
1015 4908
1016 4459
1017 4777
1018 4020
1019 4430
1020 5280
1021 6945
1022 3572
1023 4338
1024 4196
1025 3561
1026 5602
1027 3814
1028 4851
1029 4248
1030 3698
1031 4142
1032 6315
1033 5089
1034 3723
1035 5176
1036 4099
1037 4097
1038 4915
1039 5089
1040 3850
1041 4675
1042 4965
1043 4054
1044 4268
1045 4118
1046 8042
1047 5166
1048 4195
1049 4990
1050 4657
1051 4169
1052 3798
1053 4919
1054 4710
1055 4407
1056 5276
1057 4445
1058 4629
1059 5453
1060 3914
1061 3806
1062 4264
1063 3773
1064 3503
1065 3892
1066 3945
1067 5742
1068 5987
1069 5154
1070 5534
1071 4644
1072 3291
1073 4461
1074 5162
1075 4268
1076 3974
1077 5072
1078 3621
1079 5445
1080 4234
1081 5680
1082 3585
1083 4005
1084 5659
1085 5547
1086 4758
1087 4249
1088 7011
1089 4540
1090 4212
1091 5058
1092 5576
1093 4270
1094 4151
1095 5419
1096 3632
1097 2387
1098 5747
1099 4366
1100 4390
1101 4562
1102 4395
1103 4348
1104 7575
1105 6243
1106 5322
1107 5616
1108 4445
1109 5730
1110 5251
1111 4771
1112 4922
1113 3593
1114 5652
1115 5847
1116 4120
1117 4481
1118 4125
1119 4569
1120 5452
1121 4483
1122 5645
1123 5237
1124 4782
1125 4160
1126 4798
1127 5800
1128 4330
1129 4015
1130 6034
1131 3339
1132 3461
1133 4123
1134 4413
1135 3936
1136 2751
1137 3884
1138 4072
1139 5415
1140 5752
1141 4856
1142 5341
1143 4393
1144 5042
1145 4194
1146 3873
1147 4969
1148 4467
1149 4708
1150 4357
1151 4359
1152 5480
1153 33577
1154 6898
1155 5242
1156 4384
1157 4129
1158 4506
1159 4001
1160 3712
1161 2456
1162 4097
1163 5723
1164 4033
1165 3899
1166 6279
1167 4233
1168 4778
1169 3987
1170 4102
1171 3358
1172 3161
1173 4473
1174 3960
1175 4070
1176 4879
1177 4579
1178 5303
1179 4195
1180 4349
1181 3926
1182 5002
1183 3923
1184 5510
1185 3875
1186 3890
1187 6081
1188 5461
1189 3624
1190 4774
1191 4247
1192 2844
1193 3656
1194 3916
1195 3880
1196 5274
1197 4188
1198 5296
1199 5517
1200 5057
1201 3658
1202 5254
1203 4749
1204 5073
1205 4165
1206 5060
1207 6350
1208 4316
1209 4272
1210 5031
1211 3962
1212 4033
1213 4772
1214 5186
1215 30562
1216 4061
1217 4643
1218 5617
1219 5757
1220 5333
1221 3676
1222 2981
1223 5002
1224 4614
1225 5598
1226 5080
1227 4459
1228 3368
1229 4975
1230 4458
1231 4375
1232 5442
1233 5393
1234 4322
1235 5257
1236 3897
1237 6213
1238 4692
1239 2865
1240 5257
1241 4644
1242 4583
1243 5387
1244 3789
1245 5465
1246 3602
1247 4165
1248 4701
1249 4207
1250 5968
1251 4938
1252 5228
1253 3375
1254 4248
1255 4540
1256 5626
1257 3732
1258 4892
1259 6027
1260 5675
1261 5578
1262 4485
1263 3950
1264 4731
1265 4620
1266 5074
1267 2966
1268 5411
1269 4290
1270 4778
1271 5663
1272 4321
1273 5862
1274 4749
1275 4705
1276 4469
1277 4750
1278 3935
1279 4883
1280 5638
1281 4392
1282 2867
1283 5914
1284 3286
1285 5260
1286 4371
1287 3628
1288 3502
1289 5182
1290 3339
1291 4932
1292 5173
1293 4973
1294 4554
1295 4157
1296 3965
1297 3485
1298 4559
1299 3694
1300 4827
1301 4072
1302 5524
1303 5900
1304 5305
1305 4750
1306 4590
1307 2714
1308 5864
1309 4167
1310 5017
1311 4222
1312 4990
1313 5101
1314 4237
1315 5104
1316 3959
1317 4240
1318 3601
1319 5986
1320 4457
1321 20506
1322 4446
1323 4963
1324 3896
1325 4358
1326 4757
1327 4558
1328 3732
1329 4769
1330 4438
1331 5063
1332 5104
1333 4100
1334 4153
1335 3722
1336 4516
1337 3048
1338 3952
1339 4478
1340 3187
1341 3778
1342 3620
1343 4375
1344 4232
1345 4569
1346 4967
1347 5733
1348 4993
1349 4152
1350 4686
1351 5004
1352 4676
1353 5533
1354 5076
1355 5399
1356 3476
1357 4893
1358 5409
1359 4657
1360 5530
1361 3180
1362 4743
1363 4881
1364 4467
1365 4361
1366 3265
1367 5528
1368 4040
1369 5598
1370 4527
1371 4447
1372 3920
1373 4176
1374 5898
1375 4821
1376 5244
1377 4545
1378 4788
1379 3895
1380 4808
1381 5025
1382 5000
1383 4556
1384 5545
1385 2680
1386 4649
1387 2874
1388 5232
1389 4526
1390 4062
1391 3629
1392 4097
1393 5034
1394 5099
1395 4519
1396 5129
1397 4972
1398 4750
1399 4905
1400 6030
1401 3753
1402 4466
1403 3437
1404 23434
1405 4551
1406 4695
1407 4005
1408 4289
1409 5568
1410 4593
1411 4538
1412 2749
1413 4990
1414 5013
1415 6238
1416 5279
1417 4603
1418 5105
1419 5698
1420 7098
1421 4970
1422 5468
1423 3290
1424 3386
1425 4669
1426 5402
1427 3067
1428 4387
1429 3341
1430 5129
1431 5779
1432 5715
1433 5778
1434 5084
1435 5388
1436 3996
1437 3419
1438 4779
1439 4994
1440 4535
1441 6092
1442 3739
1443 6250
1444 4545
1445 4837
1446 5121
1447 3376
1448 4209
1449 4549
1450 4814
1451 4372
1452 5383
1453 4930
1454 6076
1455 4891
1456 5750
1457 4892
1458 4172
1459 4814
1460 4249
1461 4787
1462 4004
1463 5506
1464 5055
1465 5081
1466 4317
1467 5233
1468 5209
1469 5302
1470 5764
1471 11400
1472 5265
1473 3664
1474 3631
1475 4629
1476 4282
1477 4367
1478 3637
1479 5792
1480 4525
1481 4648
1482 4835
1483 4130
1484 4106
1485 4908
1486 4141
1487 4436
1488 5933
1489 5278
1490 5227
1491 4800
1492 5260
1493 4100
1494 5245
1495 4412
1496 4051
1497 4399
1498 4893
1499 4171
1500 5912
1501 4368
1502 4876
1503 4776
1504 5335
1505 4895
1506 3456
1507 4078
1508 4801
1509 4993
1510 4714
1511 4830
1512 4474
1513 6019
1514 4336
1515 5004
1516 3536
1517 4006
1518 4182
1519 5003
1520 4195
1521 6480
1522 5532
1523 3909
1524 5071
1525 4749
1526 3436
1527 4440
1528 4701
1529 5524
1530 5618
1531 5279
1532 5523
1533 3595
1534 5447
1535 6074
1536 4815
1537 5927
1538 3406
1539 4303
1540 5216
1541 4978
1542 4744
1543 3406
1544 2879
1545 5939
1546 4593
1547 5583
1548 4967
1549 4644
1550 2257
1551 3328
1552 4503
1553 4887
1554 5944
1555 3003
1556 4491
1557 3547
1558 4149
1559 5189
1560 5364
1561 3805
1562 5894
1563 6246
1564 4154
1565 5711
1566 4164
1567 3701
1568 5061
1569 4971
1570 3737
1571 4814
1572 4231
1573 5557
1574 5153
1575 4574
1576 5529
1577 5545
1578 4068
1579 3936
1580 3881
1581 3202
1582 4409
1583 5288
1584 3104
1585 5237
1586 4910
1587 4257
1588 2551
1589 4404
1590 4330
1591 4511
1592 6760
1593 4061
1594 4547
1595 5335
1596 4819
1597 5315
1598 4481
1599 4933
1600 6458
1601 4920
1602 5389
1603 5281
1604 4017
1605 5770
1606 4955
1607 5282
1608 4137
1609 5727
1610 4817
1611 4020
1612 3532
1613 3589
1614 4766
1615 6061
1616 5614
1617 4161
1618 6461
1619 4735
1620 6288
1621 6420
1622 5062
1623 5027
1624 4063
1625 6042
1626 3776
1627 5201
1628 3309
1629 5214
1630 4638
1631 4335
1632 5510
1633 5313
1634 4775
1635 4115
1636 5547
1637 4608
1638 4790
1639 4412
1640 4616
1641 5203
1642 4979
1643 4627
1644 5162
1645 5575
1646 4479
1647 4250
1648 6265
1649 5636
1650 4547
1651 5972
1652 5162
1653 3787
1654 5640
1655 4601
1656 4552
1657 3547
1658 2805
1659 3139
1660 6862
1661 5448
1662 4484
1663 6027
1664 3915
1665 5830
1666 4459
1667 4033
1668 5297
1669 4899
1670 5421
1671 5549
1672 35766
1673 4474
1674 5031
1675 5055
1676 5660
1677 5095
1678 5196
1679 4831
1680 4726
1681 4955
1682 5556
1683 3926
1684 3936
1685 5115
1686 3811
1687 5895
1688 5495
1689 5470
1690 6467
1691 4600
1692 5522
1693 4351
1694 5500
1695 4461
1696 5309
1697 4350
1698 5372
1699 5135
1700 6140
1701 7576
1702 5636
1703 35791
1704 3815
1705 5757
1706 4690
1707 5450
1708 4958
1709 5520
1710 33470
1711 4927
1712 4548
1713 3868
1714 3400
1715 5914
1716 4429
1717 3979
1718 3695
1719 5905
1720 4768
1721 5466
1722 5767
1723 4000
1724 5818
1725 5003
1726 4468
1727 4627
1728 4572
1729 4270
1730 4258
1731 3170
1732 3507
1733 4200
1734 5699
1735 3578
1736 5055
1737 4457
1738 4983
1739 4309
1740 5844
1741 5088
1742 4656
1743 4864
1744 4004
1745 5613
1746 4694
1747 4561
1748 4962
1749 3795
1750 6328
1751 4682
1752 5306
1753 3257
1754 5141
1755 4794
1756 4203
1757 5544
1758 5517
1759 4357
1760 4997
1761 4063
1762 4692
1763 3443
1764 5558
1765 3399
1766 3912
1767 4746
1768 3774
1769 5114
1770 2804
1771 1693
1772 4786
1773 4381
1774 5480
1775 4387
1776 5036
1777 5458
1778 5678
1779 1490
1780 3773
1781 4415
1782 5900
1783 4199
1784 5265
1785 4895
1786 5718
1787 5173
1788 4809
1789 5953
1790 4293
1791 5807
1792 4175
1793 5820
1794 6380
1795 5241
1796 4369
1797 4582
1798 4172
1799 3925
1800 4651
1801 3593
1802 4802
1803 5396
1804 5045
1805 5567
1806 3574
1807 5456
1808 5340
1809 3881
1810 4749
1811 4934
1812 5084
1813 5208
1814 5433
1815 4117
1816 5448
1817 2677
1818 5046
1819 3546
1820 4700
1821 5434
1822 5020
1823 3589
1824 4361
1825 4393
1826 4466
1827 4771
1828 1973
1829 3475
1830 5424
1831 3474
1832 5839
1833 4452
1834 4451
1835 3991
1836 5782
1837 5329
1838 5343
1839 3147
1840 4962
1841 7332
1842 5445
1843 3483
1844 4463
1845 6693
1846 5771
1847 5300
1848 6100
1849 6404
1850 3890
1851 6627
1852 5359
1853 4061
1854 4160
1855 4399
1856 4276
1857 5297
1858 5267
1859 4231
1860 3836
1861 4697
1862 4168
1863 4777
1864 4076
1865 5103
1866 5915
1867 4516
1868 4956
1869 6249
1870 3983
1871 6940
1872 4808
1873 4190
1874 4609
1875 4978
1876 3446
1877 3927
1878 4982
1879 23120
1880 4810
1881 3229
1882 6062
1883 4264
1884 6468
1885 5059
1886 3503
1887 5032
1888 5942
1889 3781
1890 2324
1891 5790
1892 4566
1893 4260
1894 5737
1895 4396
1896 6593
1897 4801
1898 5618
1899 5018
1900 5269
1901 5005
1902 5422
1903 3893
1904 4805
1905 3846
1906 5485
1907 4308
1908 4001
1909 5549
1910 3497
1911 5002
1912 3093
1913 4711
1914 3673
1915 5243
1916 5682
1917 4654
1918 5150
1919 2714
1920 4203
1921 5808
1922 4720
1923 3657
1924 5821
1925 4646
1926 3302
1927 4418
1928 4152
1929 4984
1930 5950
1931 3838
1932 4737
1933 3705
1934 4191
1935 3839
1936 4289
1937 4533
1938 3636
1939 5206
1940 6449
1941 4396
1942 4460
1943 5790
1944 5561
1945 5313
1946 4069
1947 5664
1948 3880
1949 4313
1950 2939
1951 4122
1952 5075
1953 5785
1954 2971
1955 5245
1956 3990
1957 5755
1958 4443
1959 4866
1960 4202
1961 4793
1962 5839
1963 4642
1964 4414
1965 4692
1966 5856
1967 4896
1968 6397
1969 3694
1970 5688
1971 4682
1972 4066
1973 3508
1974 5526
1975 3766
1976 3950
1977 5888
1978 4539
1979 4390
1980 4987
1981 5085
1982 4175
1983 6313
1984 5865
1985 6912
1986 5385
1987 4233
1988 4126
1989 4685
1990 5252
1991 5375
1992 3898
1993 6170
1994 6339
1995 4754
1996 5015
1997 4785
1998 5316
1999 6039
2000 6355
2001 5073
2002 5515
2003 5468
2004 7046
2005 5279
2006 6341
2007 4860
2008 5174
2009 4597
2010 4641
2011 4890
2012 3052
2013 5808
2014 4870
2015 4434
2016 5754
2017 4879
2018 4054
2019 4890
2020 2669
2021 6127
2022 5094
2023 3677
2024 3565
2025 3720
2026 6342
2027 5071
2028 6062
2029 15724
2030 5402
2031 4448
2032 4361
2033 4573
2034 4553
2035 5412
2036 3587
2037 4656
2038 2923
2039 3919
2040 5268
2041 4817
2042 5719
2043 2457
2044 4951
2045 3331
2046 4510
2047 3928
2048 4283
2049 5232
2050 3331
2051 4686
2052 4620
2053 3906
2054 5341
2055 4883
2056 3938
2057 5573
2058 7247
2059 5584
2060 4092
2061 4693
2062 5327
2063 3986
2064 2555
2065 5611
2066 4192
2067 3844
2068 4566
2069 5351
2070 5002
2071 2241
2072 4803
2073 5634
2074 4034
2075 4411
2076 4578
2077 6195
2078 4144
2079 6281
2080 5245
2081 4827
2082 5041
2083 5818
2084 3969
2085 4250
2086 6048
2087 5020
2088 4486
2089 5583
2090 5579
2091 26402
2092 4802
2093 5187
2094 3611
2095 5262
2096 4711
2097 4760
2098 4541
2099 5557
2100 4654
2101 3562
2102 5003
2103 6451
2104 5500
2105 4460
2106 5434
2107 4473
2108 3779
2109 4211
2110 5862
2111 4075
2112 4558
2113 5044
2114 4168
2115 4716
2116 4271
2117 4916
2118 5356
2119 3231
2120 5646
2121 5262
2122 4994
2123 2619
2124 5711
2125 5612
2126 3834
2127 3977
2128 5960
2129 5684
2130 7114
2131 4672
2132 4833
2133 4400
2134 3424
2135 3856
2136 4451
2137 6405
2138 5771
2139 5297
2140 3997
2141 4835
2142 5107
2143 4099
2144 3617
2145 3941
2146 4406
2147 3539
2148 4060
2149 4664
2150 3684
2151 4664
2152 4694
2153 4795
2154 4145
2155 5774
2156 5957
2157 4557
2158 5678
2159 4380
2160 4530
2161 4497
2162 6149
2163 4828
2164 3892
2165 4128
2166 7670
2167 4752
2168 4745
2169 4213
2170 4953
2171 6297
2172 4672
2173 5961
2174 4936
2175 4323
2176 3420
2177 4968
2178 6092
2179 4657
2180 5323
2181 5511
2182 4671
2183 4577
2184 4727
2185 6209
2186 5043
2187 7255
2188 5073
2189 5797
2190 19872
2191 3586
2192 4920
2193 4178
2194 5499
2195 4475
2196 3461
2197 3559
2198 6011
2199 4782
2200 5334
2201 4699
2202 4395
2203 5713
2204 5217
2205 5440
2206 5189
2207 5444
2208 5345
2209 5902
2210 3869
2211 3473
2212 5918
2213 6193
2214 3688
2215 3728
2216 5443
2217 5720
2218 5605
2219 3686
2220 3180
2221 4654
2222 4122
2223 4900
2224 4012
2225 4631
2226 4467
2227 4370
2228 3365
2229 5340
2230 5288
2231 5618
2232 4190
2233 5771
2234 5238
2235 4413
2236 6080
2237 3244
2238 3882
2239 5442
2240 4298
2241 4668
2242 4542
2243 5256
2244 4939
2245 6140
2246 4923
2247 5439
2248 3742
2249 5403
2250 4538
2251 5676
2252 3446
2253 4953
2254 5269
2255 5192
2256 4841
2257 3653
2258 5140
2259 6264
2260 4602
2261 3951
2262 5694
2263 4976
2264 4006
2265 4737
2266 4430
2267 4180
2268 5222
2269 4964
2270 5504
2271 4487
2272 6158
2273 5809
2274 5474
2275 4495
2276 4264
2277 5120
2278 3874
2279 6244
2280 4244
2281 6509
2282 5396
2283 2919
2284 3969
2285 6020
2286 5154
2287 5601
2288 5024
2289 4716
2290 5518
2291 3823
2292 4545
2293 6209
2294 4307
2295 5520
2296 6035
2297 6539
2298 3139
2299 3121
2300 4554
2301 5365
2302 4663
2303 6071
2304 5123
2305 5538
2306 4986
2307 4331
2308 3268
2309 3898
2310 3081
2311 4955
2312 4634
2313 5001
2314 5094
2315 4099
2316 5292
2317 5651
2318 5563
2319 5036
2320 4456
2321 7297
2322 5465
2323 4311
2324 4652
2325 3988
2326 4293
2327 4531
2328 5731
2329 5789
2330 4263
2331 5085
2332 4927
2333 4325
2334 5985
2335 5431
2336 4684
2337 5789
2338 4920
2339 4773
2340 5467
2341 4822
2342 5727
2343 4675
2344 5524
2345 4396
2346 3899
2347 5854
2348 4575
2349 5115
2350 4125
2351 4026
2352 3476
2353 4464
2354 4526
2355 4146
2356 4564
2357 4496
2358 4023
2359 2896
2360 4583
2361 5184
2362 6887
2363 6620
2364 4831
2365 4970
2366 5788
2367 5463
2368 5809
2369 3936
2370 4886
2371 5023
2372 5811
2373 5139
2374 3857
2375 4410
2376 3402
2377 4603
2378 4230
2379 6524
2380 3335
2381 4369
2382 4729
2383 4266
2384 4629
2385 2359
2386 5959
2387 6052
2388 3123
2389 4594
2390 5368
2391 6296
2392 6755
2393 5071
2394 4413
2395 3151
2396 5252
2397 5138
2398 4774
2399 3730
2400 6311
2401 7294
2402 6957
2403 5155
2404 2636
2405 4409
2406 6311
2407 4926
2408 5390
2409 4621
2410 4165
2411 2983
2412 5068
2413 4269
2414 5210
2415 4372
2416 4087
2417 4850
2418 4256
2419 3316
2420 5323
2421 5328
2422 4523
2423 6328
2424 19635
2425 6505
2426 5241
2427 3875
2428 6137
2429 5546
2430 4544
2431 4061
2432 3789
2433 4043
2434 7143
2435 3976
2436 3764
2437 4150
2438 5037
2439 4986
2440 4722
2441 5686
2442 5945
2443 5069
2444 5014
2445 5367
2446 5801
2447 5421
2448 6008
2449 6337
2450 5204
2451 4132
2452 6095
2453 5051
2454 4884
2455 5965
2456 6060
2457 4815
2458 5065
2459 4527
2460 5453
2461 3905
2462 5250
2463 3842
2464 3317
2465 4653
2466 5025
2467 5728
2468 3750
2469 5612
2470 6123
2471 5380
2472 6649
2473 3902
2474 5167
2475 4877
2476 5690
2477 5135
2478 5684
2479 3846
2480 5284
2481 4063
2482 4150
2483 5047
2484 5269
2485 3832
2486 4851
2487 4474
2488 4640
2489 5862
2490 4219
2491 4513
2492 6254
2493 4721
2494 5628
2495 5183
2496 5248
2497 5367
2498 6030
2499 6691
2500 5218
2501 5496
2502 5160
2503 3773
2504 4514
2505 4493
2506 5010
2507 3655
2508 3486
2509 7183
2510 5594
2511 5498
2512 4809
2513 4481
2514 4073
2515 5251
2516 5903
2517 3254
2518 4287
2519 5943
2520 5777
2521 5895
2522 4231
2523 6911
2524 4150
2525 5181
2526 4901
2527 4322
2528 5171
2529 5971
2530 4830
2531 4734
2532 4521
2533 5073
2534 4544
2535 5625
2536 4260
2537 4963
2538 5807
2539 3977
2540 4784
2541 4984
2542 5524
2543 5210
2544 4470
2545 4289
2546 7275
2547 4727
2548 4604
2549 4978
2550 6770
2551 5314
2552 4739
2553 4863
2554 4365
2555 6522
2556 5677
2557 4224
2558 4475
2559 6993
2560 4117
2561 4714
2562 6281
2563 4918
2564 4685
2565 4843
2566 3724
2567 4905
2568 4530
2569 3939
2570 5622
2571 4678
2572 3283
2573 5429
2574 4344
2575 3691
2576 4428
2577 5370
2578 5212
2579 5202
2580 5044
2581 3811
2582 6156
2583 4702
2584 3449
2585 4107
2586 4773
2587 5360
2588 9658
2589 5706
2590 4697
2591 5934
2592 5007
2593 4244
2594 4554
2595 6073
2596 4551
2597 5794
2598 3317
2599 4615
2600 6490
2601 4260
2602 4523
2603 5281
2604 6734
2605 4245
2606 2763
2607 6421
2608 4253
2609 5483
2610 5117
2611 4184
2612 5472
2613 4615
2614 5047
2615 6110
2616 5222
2617 5686
2618 5439
2619 4129
2620 5937
2621 4536
2622 5305
2623 4604
2624 4398
2625 19576
2626 6627
2627 6665
2628 3951
2629 6224
2630 3806
2631 5469
2632 5398
2633 5228
2634 5220
2635 4303
2636 6132
2637 5491
2638 4335
2639 5191
2640 3379
2641 4307
2642 5512
2643 4695
2644 4524
2645 4924
2646 5926
2647 3902
2648 4300
2649 5019
2650 4895
2651 4648
2652 4327
2653 5841
2654 5819
2655 4913
2656 5597
2657 4956
2658 6184
2659 5013
2660 4535
2661 5514
2662 6112
2663 5925
2664 5426
2665 4566
2666 5437
2667 5719
2668 4039
2669 4744
2670 4021
2671 4447
2672 5323
2673 4506
2674 5971
2675 5002
2676 6032
2677 4104
2678 6045
2679 4528
2680 4852
2681 5346
2682 5169
2683 4994
2684 3384
2685 3848
2686 5607
2687 6536
2688 4599
2689 6544
2690 3906
2691 6018
2692 5720
2693 7168
2694 3882
2695 4193
2696 3745
2697 4899
2698 5930
2699 4831
2700 4800
2701 5683
2702 5936
2703 5383
2704 5489
2705 4407
2706 4581
2707 6215
2708 7140
2709 4679
2710 3265
2711 5712
2712 6003
2713 3385
2714 5351
2715 4101
2716 4936
2717 3998
2718 4730
2719 4297
2720 4037
2721 4317
2722 4393
2723 4630
2724 4481
2725 4636
2726 2975
2727 4830
2728 6483
2729 6083
2730 3978
2731 4837
2732 6135
2733 5753
2734 5793
2735 6410
2736 5413
2737 5728
2738 4711
2739 6537
2740 5404
2741 4168
2742 5351
2743 5324
2744 4708
2745 4829
2746 7533
2747 5488
2748 5720
2749 5083
2750 4684
2751 5969
2752 4798
2753 4470
2754 4838
2755 3608
2756 5139
2757 4085
2758 5788
2759 4215
2760 3787
2761 3429
2762 5119
2763 4797
2764 5951
2765 5068
2766 4363
2767 4074
2768 5569
2769 5887
2770 3943
2771 5784
2772 5594
2773 3293
2774 5008
2775 4727
2776 5491
2777 5155
2778 3721
2779 4974
2780 4093
2781 4874
2782 4349
2783 5198
2784 4260
2785 4918
2786 3778
2787 3279
2788 5884
2789 4362
2790 6104
2791 3520
2792 5683
2793 4492
2794 5177
2795 5401
2796 4029
2797 5601
2798 3804
2799 5096
2800 6763
2801 5302
2802 5591
2803 4431
2804 5528
2805 5700
2806 5045
2807 3985
2808 6241
2809 5931
2810 5698
2811 5119
2812 5907
2813 4653
2814 5625
2815 5372
2816 5766
2817 6035
2818 3980
2819 4422
2820 4308
2821 3229
2822 5722
2823 5142
2824 5482
2825 4144
2826 6920
2827 5319
2828 4698
2829 5044
2830 4137
2831 6107
2832 6362
2833 4045
2834 4205
2835 4328
2836 4329
2837 5889
2838 4000
2839 4081
2840 4841
2841 6902
2842 5106
2843 4408
2844 4384
2845 4326
2846 5323
2847 4589
2848 3466
2849 3915
2850 5985
2851 5129
2852 4068
2853 5713
2854 4890
2855 4451
2856 4156
2857 3241
2858 4947
2859 3639
2860 5086
2861 3760
2862 4630
2863 5078
2864 5077
2865 4537
2866 5306
2867 4943
2868 3545
2869 4585
2870 3794
2871 3808
2872 5394
2873 4410
2874 4004
2875 5253
2876 6397
2877 5873
2878 4834
2879 3853
2880 4513
2881 6843
2882 5020
2883 5356
2884 3623
2885 3749
2886 4133
2887 6242
2888 4748
2889 4837
2890 5842
2891 4943
2892 5213
2893 4752
2894 6294
2895 6072
2896 3656
2897 3333
2898 5636
2899 5410
2900 4720
2901 6833
2902 6246
2903 5328
2904 5195
2905 5691
2906 5522
2907 6512
2908 4718
2909 4443
2910 4975
2911 5500
2912 5640
2913 2712
2914 4257
2915 3864
2916 5392
2917 6337
2918 4964
2919 6019
2920 4025
2921 4946
2922 5630
2923 5662
2924 4631
2925 4340
2926 3794
2927 7017
2928 6506
2929 4870
2930 5207
2931 4408
2932 6092
2933 4597
2934 3996
2935 5209
2936 6117
2937 5150
2938 3958
2939 5113
2940 5507
2941 4036
2942 5598
2943 3371
2944 5625
2945 4929
2946 4888
2947 3046
2948 4272
2949 3810
2950 5963
2951 4866
2952 5349
2953 4941
2954 5034
2955 5482
2956 3686
2957 4526
2958 3862
2959 5123
2960 3747
2961 5389
2962 4957
2963 5145
2964 5409
2965 4356
2966 3922
2967 6311
2968 4542
2969 5342
2970 4950
2971 5216
2972 5007
2973 6939
2974 5146
2975 3534
2976 5161
2977 3943
2978 5047
2979 3841
2980 4332
2981 6053
2982 4557
2983 5935
2984 5091
2985 6006
2986 4320
2987 4078
2988 3711
2989 3877
2990 4721
2991 5357
2992 5142
2993 4497
2994 4658
2995 6479
2996 5620
2997 4520
2998 4622
2999 3059
3000 5209
3001 3401
3002 4761
3003 4216
3004 4777
3005 4971
3006 4014
3007 5680
3008 3435
3009 5305
3010 5951
3011 5586
3012 6091
3013 6419
3014 6682
3015 5425
3016 4487
3017 5437
3018 4625
3019 4683
3020 5767
3021 3992
3022 5821
3023 6495
3024 3221
3025 6292
3026 5029
3027 5081
3028 3168
3029 5879
3030 6492
3031 5143
3032 3588
3033 4209
3034 5350
3035 5431
3036 5019
3037 3721
3038 4047
3039 3262
3040 5276
3041 3785
3042 6068
3043 5654
3044 4230
3045 4334
3046 4710
3047 4578
3048 3588
3049 4645
3050 3909
3051 7228
3052 5994
3053 4079
3054 5642
3055 3234
3056 5092
3057 5864
3058 5830
3059 4750
3060 5206
3061 4859
3062 5028
3063 2719
3064 3693
3065 5291
3066 5805
3067 2888
3068 5155
3069 4499
3070 5206
3071 5595
3072 4755
3073 5037
3074 5952
3075 6543
3076 4764
3077 4321
3078 5062
3079 4381
3080 5819
3081 3634
3082 5529
3083 5416
3084 4262
3085 4057
3086 6509
3087 7008
3088 6600
3089 5579
3090 4837
3091 6410
3092 4572
3093 4786
3094 5734
3095 4263
3096 5695
3097 6019
3098 6792
3099 5242
3100 4659
3101 4315
3102 5814
3103 6204
3104 4059
3105 5248
3106 4446
3107 6410
3108 2686
3109 4596
3110 6068
3111 4300
3112 4710
3113 4170
3114 4410
3115 4470
3116 5398
3117 4315
3118 5260
3119 4046
3120 3901
3121 5597
3122 5746
3123 6219
3124 5057
3125 5090
3126 4122
3127 3978
3128 6930
3129 3574
3130 6529
3131 5355
3132 6186
3133 6080
3134 4278
3135 6182
3136 2986
3137 5158
3138 3866
3139 5635
3140 4065
3141 4009
3142 4044
3143 3596
3144 6451
3145 5923
3146 5612
3147 5233
3148 5298
3149 4704
3150 5429
3151 4894
3152 3943
3153 6399
3154 6072
3155 5037
3156 4590
3157 3704
3158 5080
3159 5773
3160 4357
3161 4756
3162 4077
3163 7296
3164 4217
3165 4667
3166 3004
3167 5117
3168 4961
3169 5044
3170 5806
3171 5259
3172 4345
3173 4489
3174 4538
3175 4655
3176 5928
3177 6448
3178 3817
3179 5791
3180 6552
3181 3824
3182 4519
3183 5147
3184 3964
3185 2988
3186 6090
3187 4561
3188 4851
3189 5558
3190 4737
3191 5777
3192 4126
3193 5301
3194 5767
3195 4041
3196 4659
3197 7318
3198 4647
3199 4149
3200 4795
3201 5237
3202 6163
3203 4069
3204 6345
3205 4209
3206 5561
3207 4981
3208 4293
3209 5848
3210 5230
3211 4336
3212 6238
3213 3622
3214 7264
3215 5868
3216 4625
3217 3618
3218 5285
3219 3546
3220 4408
3221 6266
3222 4078
3223 6425
3224 3873
3225 4645
3226 4325
3227 4448
3228 5413
3229 4583
3230 5300
3231 4622
3232 4683
3233 6585
3234 4438
3235 6379
3236 4392
3237 4776
3238 4859
3239 3694
3240 4371
3241 4985
3242 4971
3243 3889
3244 2938
3245 3822
3246 5049
3247 3359
3248 4780
3249 4347
3250 3792
3251 2879
3252 4218
3253 3823
3254 4473
3255 5452
3256 5489
3257 4728
3258 5966
3259 4347
3260 5661
3261 5054
3262 4028
3263 6371
3264 3449
3265 3645
3266 5077
3267 4816
3268 4676
3269 4526
3270 4772
3271 5612
3272 4926
3273 4655
3274 6187
3275 5123
3276 5660
3277 5150
3278 6426
3279 3598
3280 4871
3281 5138
3282 4589
3283 3222
3284 5064
3285 5252
3286 3715
3287 3149
3288 6131
3289 3513
3290 5061
3291 5877
3292 5303
3293 3504
3294 4671
3295 4700
3296 5871
3297 5089
3298 5634
3299 6496
3300 5118
3301 5348
3302 3779
3303 3095
3304 5545
3305 4458
3306 4010
3307 4794
3308 5865
3309 5646
3310 5285
3311 5239
3312 4533
3313 4221
3314 4712
3315 5667
3316 4086
3317 4986
3318 5572
3319 5269
3320 6384
3321 5426
3322 5264
3323 6180
3324 5036
3325 2547
3326 5320
3327 4771
3328 6106
3329 5561
3330 5138
3331 6243
3332 3957
3333 5031
3334 6807
3335 5717
3336 5584
3337 5044
3338 5054
3339 4270
3340 5256
3341 5573
3342 5817
3343 5476
3344 4319
3345 5373
3346 4697
3347 3427
3348 4011
3349 4771
3350 3026
3351 5614
3352 3757
3353 3908
3354 5490
3355 3987
3356 3537
3357 5165
3358 6093
3359 5375
3360 5557
3361 5378
3362 4931
3363 5051
3364 4963
3365 3622
3366 5561
3367 4402
3368 3917
3369 4860
3370 5444
3371 5615
3372 4799
3373 4573
3374 5951
3375 3824
3376 3863
3377 5241
3378 3489
3379 6455
3380 6212
3381 6882
3382 6102
3383 4197
3384 4878
3385 5445
3386 4332
3387 4930
3388 5662
3389 4277
3390 4554
3391 4267
3392 5466
3393 4917
3394 4297
3395 4857
3396 5307
3397 5037
3398 5851
3399 5752
3400 4992
3401 5147
3402 5264
3403 5504
3404 4729
3405 6497
3406 3817
3407 6477
3408 4678
3409 5741
3410 5342
3411 6093
3412 4331
3413 4915
3414 5963
3415 5144
3416 5649
3417 4406
3418 4970
3419 5716
3420 5450
3421 5727
3422 6322
3423 4980
3424 5698
3425 4317
3426 5412
3427 4936
3428 7774
3429 5403
3430 6441
3431 5768
3432 4463
3433 5688
3434 4108
3435 5434
3436 6405
3437 4571
3438 3654
3439 5028
3440 5139
3441 7124
3442 6267
3443 4637
3444 4833
3445 4753
3446 4096
3447 5350
3448 4656
3449 5027
3450 4245
3451 4259
3452 4849
3453 7057
3454 4585
3455 4447
3456 5997
3457 3883
3458 5683
3459 4298
3460 4967
3461 4646
3462 3467
3463 4147
3464 3197
3465 4939
3466 4865
3467 6960
3468 5105
3469 5509
3470 5604
3471 5165
3472 4090
3473 5686
3474 6018
3475 4204
3476 5647
3477 6790
3478 6851
3479 4837
3480 3710
3481 5521
3482 5099
3483 5251
3484 5151
3485 6498
3486 4889
3487 4415
3488 4829
3489 5865
3490 5184
3491 4540
3492 4203
3493 4963
3494 6007
3495 3635
3496 4835
3497 2983
3498 5408
3499 5423
3500 5302
3501 5361
3502 5596
3503 5256
3504 5120
3505 3843
3506 4569
3507 5520
3508 5154
3509 5362
3510 5941
3511 5523
3512 3857
3513 5018
3514 3399
3515 36244
3516 2922
3517 5982
3518 6339
3519 4662
3520 4665
3521 6953
3522 4351
3523 5792
3524 5308
3525 5380
3526 4588
3527 4344
3528 4130
3529 4089
3530 5281
3531 5544
3532 5352
3533 5249
3534 5445
3535 5377
3536 4723
3537 5738
3538 4232
3539 6262
3540 5163
3541 5852
3542 4095
3543 6069
3544 5341
3545 5082
3546 4565
3547 5040
3548 5699
3549 4416
3550 5194
3551 6244
3552 5229
3553 5396
3554 4210
3555 3867
3556 6050
3557 2581
3558 2968
3559 5415
3560 3599
3561 4291
3562 4715
3563 4123
3564 4025
3565 5121
3566 5674
3567 5628
3568 4919
3569 4543
3570 4031
3571 4930
3572 5679
3573 4355
3574 4368
3575 4709
3576 4482
3577 4169
3578 4690
3579 4741
3580 6251
3581 6185
3582 3835
3583 4567
3584 5938
3585 4038
3586 5200
3587 4777
3588 5162
3589 5015
3590 4474
3591 4156
3592 4733
3593 3715
3594 6389
3595 5163
3596 5914
3597 4861
3598 4152
3599 4338
3600 5314
3601 4910
3602 4346
3603 5712
3604 3423
3605 5357
3606 4848
3607 5285
3608 6356
3609 5595
3610 5423
3611 4154
3612 5521
3613 4801
3614 3327
3615 3544
3616 6274
3617 4495
3618 4717
3619 6184
3620 4384
3621 4981
3622 4637
3623 3700
3624 7535
3625 3942
3626 6419
3627 5651
3628 3459
3629 5972
3630 5111
3631 4471
3632 4309
3633 5024
3634 5247
3635 4705
3636 3572
3637 2649
3638 4340
3639 7961
3640 5551
3641 4357
3642 6195
3643 4053
3644 4362
3645 4692
3646 4619
3647 5054
3648 3819
3649 3927
3650 6620
3651 4042
3652 3596
3653 4850
3654 5188
3655 4563
3656 5607
3657 5015
3658 5320
3659 5298
3660 5755
3661 3733
3662 4473
3663 6153
3664 3814
3665 4265
3666 5006
3667 6434
3668 4392
3669 5557
3670 5308
3671 4438
3672 4067
3673 6932
3674 3923
3675 4299
3676 5310
3677 4859
3678 3666
3679 4999
3680 4661
3681 4194
3682 4276
3683 5212
3684 5066
3685 4636
3686 4448
3687 3433
3688 6411
3689 5910
3690 4205
3691 6360
3692 5997
3693 3335
3694 4766
3695 3791
3696 5017
3697 3784
3698 5220
3699 3641
3700 4444
3701 5805
3702 3161
3703 4726
3704 4372
3705 5406
3706 7454
3707 5484
3708 4973
3709 5358
3710 5304
3711 5723
3712 5107
3713 5595
3714 5574
3715 3820
3716 4817
3717 4767
3718 6403
3719 4886
3720 7199
3721 4543
3722 4128
3723 7039
3724 5516
3725 6101
3726 5787
3727 6684
3728 4409
3729 2840
3730 4017
3731 5636
3732 5197
3733 4763
3734 6838
3735 5105
3736 6141
3737 4362
3738 6194
3739 4264
3740 4353
3741 5727
3742 4353
3743 3767
3744 2945
3745 4612
3746 5159
3747 4726
3748 4940
3749 6423
3750 4058
3751 5310
3752 5338
3753 5106
3754 4234
3755 5644
3756 4321
3757 3567
3758 19919
3759 4280
3760 3762
3761 4438
3762 5948
3763 5161
3764 5808
3765 6263
3766 7264
3767 4854
3768 4093
3769 6386
3770 3419
3771 4517
3772 4302
3773 4460
3774 5188
3775 5544
3776 5099
3777 3843
3778 4957
3779 4017
3780 5578
3781 4947
3782 4961
3783 4179
3784 5789
3785 4279
3786 4945
3787 5138
3788 4382
3789 4838
3790 5924
3791 4379
3792 3495
3793 4123
3794 6244
3795 3543
3796 4004
3797 5879
3798 3473
3799 5761
3800 5067
3801 5750
3802 3599
3803 3748
3804 5758
3805 5019
3806 3878
3807 6630
3808 2185
3809 5268
3810 4154
3811 4326
3812 2554
3813 6012
3814 5608
3815 4947
3816 6119
3817 4953
3818 3104
3819 4175
3820 4395
3821 6643
3822 4116
3823 4712
3824 4235
3825 5201
3826 4231
3827 4632
3828 5687
3829 5246
3830 4352
3831 3615
3832 5235
3833 6489
3834 6220
3835 6284
3836 6567
3837 4473
3838 5461
3839 4854
3840 5333
3841 4176
3842 5260
3843 4506
3844 5922
3845 3427
3846 4683
3847 4453
3848 4033
3849 4209
3850 4539
3851 5321
3852 5138
3853 4252
3854 5220
3855 3629
3856 5518
3857 3520
3858 3969
3859 4843
3860 4447
3861 5730
3862 6801
3863 5342
3864 6180
3865 4530
3866 5448
3867 4934
3868 5351
3869 5291
3870 3550
3871 5720
3872 5625
3873 5658
3874 3435
3875 4551
3876 5919
3877 6419
3878 5818
3879 6017
3880 4078
3881 6809
3882 4461
3883 5165
3884 3715
3885 5913
3886 4237
3887 4585
3888 4574
3889 4578
3890 5589
3891 5635
3892 4654
3893 5561
3894 2920
3895 7404
3896 3105
3897 5258
3898 4094
3899 4871
3900 5341
3901 4731
3902 4850
3903 5622
3904 7548
3905 4779
3906 4558
3907 4930
3908 4500
3909 4457
3910 4507
3911 5464
3912 5459
3913 4777
3914 4879
3915 3652
3916 5817
3917 4813
3918 4581
3919 3953
3920 5365
3921 3883
3922 4427
3923 5612
3924 5996
3925 5489
3926 3396
3927 4694
3928 4165
3929 4626
3930 5424
3931 4235
3932 6294
3933 5210
3934 5646
3935 5746
3936 6089
3937 5361
3938 5197
3939 4997
3940 4161
3941 4943
3942 4803
3943 5739
3944 4839
3945 3137
3946 5214
3947 4566
3948 4562
3949 5457
3950 4815
3951 5574
3952 3487
3953 6650
3954 4489
3955 6598
3956 6700
3957 5884
3958 4662
3959 5215
3960 7004
3961 4616
3962 4344
3963 5473
3964 4200
3965 7714
3966 4221
3967 3584
3968 4968
3969 4835
3970 5681
3971 5323
3972 3999
3973 2813
3974 4098
3975 4995
3976 5403
3977 6809
3978 4509
3979 4008
3980 5649
3981 5886
3982 4850
3983 5134
3984 4608
3985 5137
3986 4998
3987 5039
3988 4588
3989 4364
3990 3128
3991 5936
3992 3724
3993 5887
3994 5562
3995 4493
3996 5038
3997 5963
3998 6797
3999 6954
4000 6800
4001 4872
4002 5557
4003 5369
4004 4850
4005 7220
4006 5745
4007 5953
4008 3252
4009 6279
4010 6228
4011 3806
4012 5706
4013 7121
4014 4981
4015 5095
4016 4517
4017 4675
4018 4866
4019 4665
4020 3607
4021 6784
4022 6903
4023 5331
4024 4075
4025 3257
4026 4530
4027 5096
4028 7785
4029 4672
4030 4839
4031 5103
4032 6654
4033 4941
4034 5671
4035 4081
4036 4911
4037 4894
4038 3449
4039 5567
4040 4877
4041 6564
4042 5416
4043 4377
4044 5265
4045 7319
4046 5846
4047 5136
4048 6003
4049 4435
4050 5771
4051 5356
4052 5056
4053 4766
4054 6882
4055 5549
4056 3644
4057 4672
4058 4760
4059 5833
4060 4890
4061 4797
4062 2004
4063 5005
4064 5896
4065 4490
4066 5961
4067 2577
4068 3995
4069 4859
4070 5132
4071 5448
4072 4811
4073 5688
4074 6157
4075 6827
4076 5430
4077 4395
4078 4439
4079 5718
4080 5187
4081 5360
4082 6612
4083 6258
4084 4865
4085 5600
4086 6017
4087 4461
4088 4581
4089 6119
4090 4059
4091 5390
4092 4448
4093 5342
4094 3512
4095 4105
4096 4403
4097 5959
4098 6354
4099 5207
4100 5102
4101 4736
4102 3066
4103 4733
4104 4943
4105 6572
4106 4733
4107 4945
4108 5953
4109 5291
4110 4930
4111 4465
4112 4378
4113 4658
4114 4978
4115 5260
4116 5242
4117 5663
4118 4675
4119 3924
4120 5493
4121 6794
4122 4378
4123 7124
4124 7375
4125 5467
4126 2794
4127 4452
4128 6103
4129 4720
4130 4950
4131 6634
4132 5441
4133 3177
4134 5700
4135 5038
4136 6632
4137 5897
4138 6741
4139 7159
4140 3189
4141 4764
4142 4250
4143 7456
4144 5541
4145 6818
4146 5856
4147 4130
4148 5425
4149 5353
4150 5292
4151 4599
4152 5703
4153 5418
4154 4621
4155 4375
4156 5590
4157 4510
4158 6944
4159 5248
4160 4625
4161 4985
4162 5230
4163 6317
4164 4321
4165 4250
4166 5483
4167 6515
4168 4890
4169 5473
4170 5679
4171 6017
4172 5327
4173 4732
4174 3829
4175 4583
4176 5877
4177 5765
4178 4022
4179 6790
4180 3596
4181 5430
4182 3412
4183 3731
4184 5427
4185 6868
4186 5087
4187 3890
4188 3753
4189 5787
4190 3802
4191 5103
4192 4131
4193 4813
4194 3996
4195 22366
4196 4931
4197 3486
4198 3734
4199 5037
4200 6250
4201 4117
4202 5675
4203 5134
4204 4828
4205 4248
4206 2377
4207 4837
4208 4973
4209 5904
4210 5573
4211 4400
4212 5103
4213 6060
4214 4192
4215 7600
4216 5179
4217 3980
4218 4845
4219 5065
4220 4331
4221 6149
4222 4924
4223 4443
4224 4256
4225 4177
4226 5605
4227 3770
4228 5285
4229 5603
4230 4797
4231 3166
4232 4986
4233 6454
4234 4876
4235 6415
4236 28450
4237 5582
4238 4289
4239 5663
4240 6100
4241 6291
4242 3432
4243 4356
4244 3651
4245 4286
4246 3809
4247 6017
4248 3534
4249 3642
4250 5534
4251 4259
4252 254037
4253 4115
4254 5182
4255 3882
4256 5140
4257 7223
4258 4377
4259 4588
4260 5418
4261 5329
4262 4058
4263 4921
4264 4089
4265 4612
4266 5297
4267 4930
4268 5162
4269 5072
4270 3439
4271 4783
4272 4394
4273 4196
4274 5260
4275 5561
4276 3780
4277 6242
4278 3826
4279 5027
4280 5291
4281 4055
4282 5907
4283 5091
4284 4204
4285 6949
4286 5349
4287 4265
4288 3654
4289 4596
4290 5333
4291 5270
4292 4570
4293 5698
4294 4699
4295 5319
4296 3741
4297 5145
4298 3801
4299 7649
4300 5669
4301 3709
4302 4777
4303 5083
4304 5393
4305 3606
4306 4120
4307 3990
4308 4371
4309 4005
4310 3843
4311 6397
4312 4438
4313 3676
4314 7302
4315 4581
4316 3720
4317 5183
4318 6255
4319 23586
4320 4680
4321 3818
4322 6143
4323 4672
4324 4107
4325 4625
4326 4328
4327 5578
4328 4841
4329 3724
4330 5367
4331 5057
4332 4582
4333 5988
4334 4124
4335 6113
4336 4207
4337 6715
4338 6488
4339 7662
4340 10435
4341 7208
4342 4443
4343 8825
4344 3524
4345 6279
4346 5624
4347 6260
4348 5307
4349 5060
4350 5308
4351 4886
4352 4790
4353 3982
4354 5457
4355 4306
4356 4636
4357 3399
4358 30156
4359 4720
4360 6596
4361 4670
4362 6003
4363 5201
4364 4229
4365 4881
4366 3678
4367 4950
4368 5398
4369 4158
4370 4263
4371 5461
4372 4653
4373 6603
4374 4168
4375 5303
4376 4332
4377 6257
4378 7690
4379 4633
4380 5021
4381 4247
4382 5717
4383 4884
4384 4363
4385 4973
4386 3343
4387 5423
4388 5678
4389 4616
4390 5258
4391 4594
4392 5571
4393 6641
4394 4950
4395 5790
4396 5623
4397 4994
4398 5571
4399 4702
4400 4200
4401 4644
4402 5022
4403 5394
4404 2944
4405 4560
4406 3204
4407 3498
4408 4850
4409 4685
4410 4565
4411 5892
4412 4912
4413 4158
4414 5776
4415 5316
4416 6261
4417 3980
4418 2541
4419 4578
4420 7222
4421 7018
4422 6159
4423 5492
4424 4520
4425 7096
4426 7328
4427 7148
4428 4416
4429 4596
4430 6125
4431 4936
4432 5420
4433 4595
4434 4205
4435 4360
4436 5228
4437 4236
4438 4252
4439 5179
4440 3378
4441 4275
4442 5637
4443 4310
4444 4339
4445 4800
4446 4645
4447 5333
4448 3765
4449 5136
4450 5226
4451 4441
4452 4951
4453 5318
4454 6292
4455 4990
4456 5716
4457 5848
4458 4393
4459 4248
4460 4974
4461 5034
4462 6491
4463 4778
4464 4123
4465 6375
4466 5935
4467 4129
4468 5844
4469 4366
4470 6650
4471 5830
4472 2717
4473 4509
4474 5330
4475 4733
4476 5614
4477 3332
4478 6259
4479 4438
4480 5271
4481 6638
4482 4551
4483 7032
4484 5552
4485 4688
4486 5247
4487 8070
4488 4103
4489 5954
4490 4453
4491 6045
4492 4960
4493 4674
4494 4328
4495 6978
4496 3199
4497 6351
4498 4490
4499 5544
4500 5415
4501 5086
4502 3422
4503 13504
4504 5162
4505 7651
4506 5613
4507 6700
4508 6417
4509 5023
4510 6184
4511 5427
4512 4695
4513 4471
4514 6048
4515 4794
4516 3053
4517 4959
4518 6099
4519 4239
4520 6190
4521 4563
4522 5320
4523 4796
4524 4413
4525 4873
4526 4383
4527 6346
4528 6418
4529 4883
4530 5381
4531 6043
4532 4678
4533 5568
4534 4254
4535 4950
4536 5768
4537 5792
4538 4313
4539 5904
4540 4654
4541 5028
4542 6380
4543 6059
4544 4743
4545 4548
4546 4689
4547 3842
4548 5188
4549 5391
4550 4913
4551 6174
4552 6585
4553 5630
4554 6419
4555 5366
4556 4147
4557 5571
4558 4974
4559 5040
4560 4054
4561 5290
4562 4646
4563 4738
4564 5058
4565 4228
4566 3879
4567 4825
4568 4344
4569 5702
4570 4199
4571 4738
4572 3786
4573 4407
4574 3886
4575 5172
4576 5309
4577 4828
4578 5282
4579 6645
4580 6404
4581 5172
4582 5486
4583 4413
4584 6033
4585 4822
4586 5271
4587 5089
4588 3638
4589 4040
4590 4848
4591 4304
4592 3901
4593 4204
4594 6029
4595 5500
4596 5182
4597 5176
4598 5625
4599 7457
4600 6609
4601 6685
4602 4530
4603 5080
4604 4884
4605 4872
4606 4971
4607 4078
4608 5701
4609 6391
4610 5142
4611 4327
4612 3897
4613 5523
4614 5464
4615 4939
4616 4308
4617 4976
4618 6673
4619 4696
4620 6118
4621 4177
4622 4356
4623 6718
4624 5344
4625 5111
4626 6133
4627 4597
4628 6091
4629 5255
4630 4367
4631 5770
4632 6699
4633 4152
4634 5464
4635 4885
4636 4065
4637 6545
4638 4992
4639 4612
4640 5945
4641 2953
4642 4163
4643 4925
4644 4500
4645 5099
4646 4645
4647 4286
4648 4278
4649 5385
4650 5249
4651 4657
4652 4281
4653 7267
4654 4552
4655 7058
4656 4754
4657 4766
4658 5594
4659 5622
4660 2167
4661 6054
4662 5242
4663 3098
4664 19255
4665 4571
4666 3003
4667 18972
4668 4246
4669 4401
4670 7180
4671 6939
4672 6061
4673 4554
4674 5135
4675 5237
4676 6449
4677 5135
4678 4202
4679 5189
4680 4941
4681 4712
4682 4354
4683 5603
4684 4556
4685 3681
4686 5971
4687 4579
4688 5344
4689 5563
4690 4312
4691 6707
4692 3996
4693 5278
4694 5375
4695 5172
4696 3519
4697 4801
4698 6223
4699 5192
4700 4706
4701 4253
4702 6467
4703 5961
4704 4473
4705 5207
4706 6480
4707 5405
4708 4457
4709 4347
4710 5890
4711 4128
4712 4444
4713 3679
4714 5104
4715 6391
4716 3876
4717 4849
4718 4614
4719 5919
4720 4815
4721 4347
4722 5728
4723 4172
4724 5287
4725 5308
4726 4650
4727 3486
4728 5210
4729 4930
4730 4974
4731 6466
4732 7392
4733 5036
4734 5586
4735 6836
4736 4271
4737 4605
4738 5618
4739 5961
4740 5382
4741 4831
4742 4404
4743 5441
4744 4598
4745 4610
4746 5194
4747 6278
4748 4814
4749 4904
4750 5105
4751 4963
4752 5072
4753 5581
4754 4408
4755 3946
4756 4575
4757 5188
4758 3653
4759 5274
4760 4372
4761 5564
4762 3733
4763 5367
4764 5253
4765 4531
4766 6497
4767 4916
4768 4668
4769 5400
4770 5287
4771 5088
4772 4308
4773 3683
4774 35315
4775 4461
4776 4781
4777 3728
4778 4933
4779 4620
4780 5046
4781 4370
4782 5914
4783 5995
4784 5743
4785 4356
4786 4763
4787 4395
4788 5790
4789 4543
4790 5324
4791 4314
4792 5235
4793 4838
4794 6625
4795 4813
4796 4766
4797 5147
4798 6324
4799 5939
4800 4404
4801 3481
4802 3974
4803 5685
4804 4845
4805 6659
4806 3884
4807 4745
4808 4138
4809 4529
4810 6332
4811 4228
4812 4040
4813 4478
4814 6585
4815 4764
4816 7123
4817 4938
4818 5846
4819 5630
4820 5555
4821 3460
4822 4371
4823 6231
4824 5783
4825 6282
4826 5588
4827 4585
4828 4916
4829 5854
4830 4106
4831 5107
4832 3866
4833 5286
4834 4428
4835 5753
4836 3811
4837 4690
4838 5905
4839 3239
4840 6768
4841 4944
4842 5884
4843 5889
4844 6664
4845 3585
4846 4056
4847 4890
4848 3001
4849 3224
4850 3821
4851 4153
4852 6468
4853 6346
4854 6347
4855 4868
4856 5123
4857 5775
4858 6411
4859 3478
4860 4339
4861 5814
4862 3983
4863 3430
4864 6129
4865 4995
4866 4511
4867 4123
4868 6055
4869 4166
4870 3489
4871 6578
4872 5737
4873 3612
4874 5373
4875 5213
4876 4281
4877 5066
4878 4459
4879 4123
4880 6496
4881 5570
4882 4862
4883 4391
4884 4886
4885 5542
4886 4257
4887 4157
4888 6044
4889 5953
4890 28500
4891 5842
4892 6105
4893 4750
4894 4362
4895 4364
4896 6930
4897 5614
4898 5156
4899 3464
4900 5807
4901 5182
4902 5573
4903 5482
4904 6109
4905 6266
4906 6166
4907 2600
4908 4534
4909 6532
4910 6782
4911 4328
4912 5587
4913 3657
4914 3915
4915 6306
4916 3483
4917 4629
4918 4816
4919 4766
4920 7121
4921 3689
4922 5287
4923 5156
4924 5538
4925 5546
4926 4421
4927 5873
4928 5805
4929 6159
4930 6338
4931 4924
4932 3819
4933 4963
4934 4953
4935 6413
4936 5941
4937 5102
4938 5534
4939 3930
4940 5564
4941 4165
4942 5805
4943 5568
4944 6634
4945 5240
4946 7826
4947 5300
4948 5605
4949 6355
4950 4828
4951 5365
4952 4256
4953 4869
4954 4691
4955 3427
4956 3606
4957 4698
4958 5369
4959 5206
4960 6376
4961 4917
4962 4807
4963 4491
4964 5117
4965 4711
4966 3756
4967 4667
4968 4692
4969 4346
4970 6043
4971 4397
4972 4373
4973 5820
4974 5532
4975 4245
4976 37608
4977 7238
4978 18574
4979 5983
4980 5854
4981 4661
4982 6132
4983 5209
4984 5514
4985 5558
4986 6608
4987 5465
4988 4747
4989 4124
4990 5595
4991 4278
4992 7116
4993 3946
4994 4833
4995 4835
4996 3791
4997 3659
4998 5261
4999 5337
