# array_size time
1 2583
2 1808
3 1620
4 1600
5 1629
6 1726
7 1830
8 1575
9 1553
10 1950
11 1774
12 1908
13 1824
14 1785
15 1936
16 2152
17 2051
18 2013
19 1624
20 2050
21 1759
22 1991
23 2050
24 2276
25 1884
26 2067
27 2152
28 1967
29 2207
30 2395
31 2060
32 2083
33 2329
34 1993
35 2195
36 2313
37 2521
38 1911
39 2193
40 2413
41 2134
42 2218
43 2158
44 2174
45 2632
46 2255
47 1702
48 2049
49 2231
50 2390
51 1958
52 1812
53 2039
54 2594
55 2109
56 2173
57 2514
58 1945
59 2017
60 1893
61 2282
62 1962
63 2165
64 2318
65 2248
66 2229
67 1597
68 1765
69 2057
70 1911
71 1888
72 1837
73 2252
74 1597
75 1744
76 1943
77 2219
78 1642
79 2185
80 2421
81 2297
82 1997
83 1692
84 1711
85 1542
86 1936
87 1395
88 1425
89 1803
90 2391
91 2448
92 2637
93 2023
94 1946
95 2400
96 1809
97 1742
98 1785
99 5508
100 1997
101 1870
102 1780
103 2387
104 1767
105 1685
106 1813
107 2103
108 1326
109 1936
110 2010
111 2189
112 1890
113 2055
114 1810
115 2081
116 1732
117 2255
118 1930
119 1929
120 1496
121 1873
122 1777
123 1765
124 1758
125 1725
126 2163
127 1966
128 1964
129 2002
130 2217
131 2145
132 2306
133 1666
134 2082
135 2014
136 1681
137 2703
138 2602
139 1754
140 2117
141 2027
142 1734
143 2235
144 1856
145 2199
146 1781
147 2547
148 1709
149 1980
150 2171
151 1659
152 1790
153 2220
154 2922
155 2198
156 2188
157 1984
158 2095
159 2204
160 1864
161 1696
162 1850
163 2029
164 2232
165 2088
166 2119
167 2052
168 2042
169 1777
170 2088
171 1996
172 2300
173 2148
174 2032
175 1935
176 2182
177 1954
178 2531
179 2015
180 2189
181 1262
182 2866
183 2027
184 1935
185 2044
186 2225
187 2241
188 2200
189 2103
190 2026
191 2343
192 1770
193 2452
194 2448
195 1767
196 1834
197 79225
198 2131
199 2436
200 1895
201 2004
202 2027
203 2122
204 2046
205 2058
206 2885
207 1659
208 1902
209 2300
210 2066
211 1639
212 2478
213 2075
214 2206
215 1983
216 1871
217 2371
218 1841
219 2387
220 2302
221 1869
222 1994
223 2246
224 2363
225 1965
226 2185
227 2378
228 1940
229 1731
230 1745
231 1856
232 1626
233 2312
234 2021
235 2359
236 2030
237 2083
238 2474
239 2098
240 1933
241 2139
242 2585
243 2330
244 2289
245 2276
246 2168
247 1978
248 2108
249 2371
250 1471
251 1947
252 1944
253 1936
254 2937
255 2697
256 4277
257 2766
258 2223
259 2602
260 2007
261 2030
262 2592
263 2979
264 2299
265 2385
266 2113
267 2419
268 1950
269 2069
270 2226
271 2450
272 2038
273 1920
274 1930
275 2322
276 2197
277 1646
278 16833
279 2323
280 2316
281 2323
282 2528
283 1744
284 1927
285 2210
286 2106
287 2522
288 1904
289 2120
290 2030
291 1704
292 1981
293 2330
294 1744
295 1744
296 2112
297 2150
298 1768
299 2124
300 2722
301 2281
302 2796
303 2322
304 2465
305 1745
306 2287
307 2446
308 2290
309 2057
310 2335
311 1862
312 2445
313 2491
314 2236
315 2061
316 1850
317 1893
318 2206
319 1686
320 1975
321 2410
322 2111
323 2187
324 2473
325 1376
326 1461
327 1988
328 2421
329 2548
330 2071
331 2168
332 1954
333 2319
334 2059
335 2217
336 2188
337 2483
338 1983
339 2311
340 1759
341 2057
342 2377
343 2038
344 1939
345 2435
346 2295
347 2266
348 2688
349 2141
350 2501
351 2188
352 2304
353 1954
354 2046
355 2038
356 1863
357 2225
358 2527
359 2518
360 2358
361 2334
362 2175
363 2136
364 2385
365 2524
366 3106
367 2162
368 2439
369 2376
370 2699
371 2152
372 2144
373 2523
374 2458
375 2126
376 2131
377 2344
378 2585
379 2178
380 1615
381 2721
382 2053
383 1713
384 2750
385 1882
386 2393
387 2525
388 2185
389 2167
390 1827
391 2134
392 1558
393 2294
394 2143
395 2775
396 2262
397 2361
398 1897
399 2577
400 2367
401 2125
402 2242
403 34433
404 2276
405 2441
406 2338
407 2897
408 2383
409 2729
410 2676
411 2157
412 2760
413 2627
414 1877
415 2320
416 2263
417 2389
418 2157
419 2502
420 2476
421 2098
422 2362
423 2106
424 2061
425 1859
426 2004
427 2227
428 2698
429 2729
430 2587
431 2424
432 2209
433 2457
434 1591
435 2229
436 2745
437 1534
438 2157
439 2254
440 2149
441 2170
442 2296
443 1749
444 2553
445 2086
446 1861
447 2143
448 1957
449 2255
450 1851
451 2131
452 2219
453 2290
454 1996
455 2541
456 2067
457 2041
458 2314
459 2183
460 2466
461 2270
462 2309
463 1528
464 1482
465 1879
466 1522
467 2276
468 1917
469 2213
470 2360
471 2560
472 2183
473 2757
474 2027
475 1947
476 2574
477 1952
478 2623
479 2227
480 1867
481 2043
482 2333
483 2140
484 2345
485 2205
486 1830
487 1871
488 1942
489 2166
490 1882
491 2174
492 1841
493 2566
494 1679
495 2397
496 2406
497 17560
498 1981
499 2476
500 2970
501 2001
502 2216
503 2388
504 2736
505 2271
506 2476
507 1957
508 2254
509 2237
510 2141
511 1778
512 2204
513 2146
514 2225
515 2218
516 1930
517 1749
518 2058
519 1803
520 1751
521 2236
522 2232
523 2208
524 2206
525 1936
526 2457
527 2365
528 3022
529 2504
530 2362
531 2021
532 2318
533 2166
534 2509
535 2325
536 1644
537 2231
538 2587
539 2457
540 2085
541 2783
542 2411
543 2579
544 2501
545 2118
546 1785
547 2390
548 2406
549 2299
550 2244
551 2082
552 2161
553 2528
554 2668
555 2413
556 2331
557 2021
558 1796
559 2702
560 1786
561 2126
562 1837
563 1743
564 2103
565 2984
566 2007
567 1619
568 2069
569 2043
570 2431
571 2654
572 2159
573 1980
574 1961
575 2937
576 2414
577 2540
578 2519
579 2277
580 2521
581 2392
582 2250
583 2450
584 2385
585 2045
586 2009
587 2455
588 2282
589 2701
590 2500
591 2371
592 2875
593 2216
594 2585
595 2333
596 1857
597 3115
598 2759
599 1990
600 2871
601 2037
602 2156
603 2256
604 2433
605 2397
606 24567
607 2240
608 2767
609 2750
610 2231
611 2433
612 2864
613 2828
614 1847
615 2689
616 2524
617 2351
618 2244
619 2051
620 2620
621 1813
622 2656
623 2939
624 2279
625 2546
626 2344
627 2433
628 2489
629 2390
630 23835
631 3593
632 2866
633 2308
634 1820
635 2204
636 3455
637 2459
638 2773
639 3051
640 3637
641 4700
642 2757
643 2433
644 2419
645 2820
646 2446
647 2243
648 2650
649 2380
650 2219
651 1777
652 1682
653 2242
654 3431
655 2881
656 2005
657 2818
658 2396
659 1751
660 2714
661 2482
662 3170
663 2254
664 2274
665 2494
666 2479
667 2372
668 2274
669 1996
670 2533
671 2171
672 2086
673 2625
674 2493
675 2744
676 1882
677 2251
678 2260
679 2300
680 2594
681 2277
682 2378
683 2370
684 2415
685 2345
686 2486
687 2599
688 2383
689 3633
690 2329
691 2500
692 2176
693 2561
694 1942
695 2726
696 2425
697 2253
698 2052
699 2042
700 2147
701 2519
702 2378
703 2526
704 2385
705 2172
706 1895
707 3135
708 2049
709 2714
710 2826
711 2461
712 2338
713 2454
714 2042
715 2490
716 2622
717 2672
718 2758
719 2217
720 2146
721 2331
722 2143
723 2554
724 2918
725 2095
726 2621
727 2427
728 2666
729 2819
730 2002
731 2144
732 2571
733 2278
734 2959
735 2389
736 2123
737 2122
738 2209
739 2711
740 2531
741 2093
742 2432
743 2730
744 2253
745 2251
746 2457
747 2613
748 1975
749 2419
750 2524
751 1751
752 2264
753 2321
754 2771
755 1934
756 2572
757 2584
758 2121
759 2633
760 2277
761 2548
762 2262
763 2875
764 2107
765 2162
766 1805
767 2275
768 1887
769 2046
770 2457
771 2267
772 2230
773 2159
774 2575
775 2086
776 2577
777 2218
778 2629
779 2431
780 2836
781 1827
782 2036
783 2163
784 2303
785 2010
786 2583
787 3111
788 2931
789 2534
790 2405
791 2529
792 2159
793 2191
794 2438
795 32503
796 2424
797 2165
798 2024
799 2588
800 2678
801 2280
802 2359
803 2350
804 2336
805 2796
806 2384
807 1936
808 2292
809 2162
810 1899
811 2069
812 2473
813 2190
814 2234
815 2440
816 2621
817 2727
818 2991
819 2198
820 7316
821 2328
822 3041
823 2303
824 2217
825 2458
826 2559
827 2915
828 2366
829 2421
830 2276
831 2592
832 2691
833 1938
834 2290
835 2690
836 2286
837 2598
838 1779
839 2584
840 2041
841 2419
842 2288
843 2270
844 2412
845 2513
846 2375
847 2487
848 2247
849 2036
850 2471
851 2732
852 1685
853 2272
854 2534
855 2795
856 2326
857 3203
858 2236
859 2982
860 3197
861 2365
862 3052
863 1839
864 2454
865 2081
866 2385
867 2159
868 3067
869 2200
870 2193
871 2536
872 2455
873 2012
874 2515
875 2052
876 2765
877 2870
878 1939
879 2161
880 2552
881 1641
882 2426
883 2030
884 1730
885 2762
886 2318
887 2581
888 2579
889 3048
890 2625
891 2502
892 2304
893 2894
894 2841
895 2554
896 2467
897 2231
898 2573
899 2047
900 2650
901 2213
902 2677
903 2329
904 2255
905 2616
906 2458
907 2823
908 2725
909 2153
910 2226
911 3235
912 2612
913 2493
914 1955
915 2196
916 2504
917 2710
918 2069
919 2447
920 2622
921 1892
922 2397
923 2562
924 2096
925 3787
926 2492
927 2911
928 2722
929 2583
930 2881
931 2125
932 2518
933 2177
934 2320
935 2110
936 2079
937 1991
938 2335
939 2268
940 2865
941 2656
942 3256
943 2589
944 2008
945 3173
946 2214
947 2549
948 2830
949 2764
950 2332
951 2255
952 1975
953 2178
954 2688
955 2916
956 2414
957 2589
958 1914
959 2692
960 2552
961 2458
962 2458
963 2027
964 1883
965 2399
966 2702
967 2471
968 2933
969 3500
970 2874
971 2676
972 3542
973 2975
974 3203
975 2490
976 3444
977 2515
978 2526
979 1835
980 2538
981 1959
982 2522
983 2473
984 2590
985 2017
986 2536
987 2894
988 2773
989 1954
990 2183
991 2067
992 2793
993 2874
994 2223
995 2082
996 2695
997 2696
998 2221
999 2169
1000 2510
1001 2578
1002 1972
1003 2380
1004 2367
1005 2666
1006 2217
1007 2754
1008 2073
1009 1608
1010 2184
1011 3016
1012 2834
1013 2588
1014 2150
1015 2679
1016 2283
1017 2248
1018 2614
1019 2290
1020 2672
1021 2508
1022 2722
1023 2280
1024 2357
1025 2664
1026 2703
1027 2599
1028 2608
1029 1673
1030 2139
1031 2442
1032 2972
1033 2668
1034 2090
1035 2139
1036 2569
1037 2043
1038 2524
1039 2421
1040 2209
1041 2883
1042 2342
1043 2233
1044 2096
1045 2481
1046 1807
1047 2110
1048 1770
1049 2769
1050 2468
1051 2410
1052 2352
1053 1670
1054 2845
1055 2093
1056 2312
1057 1967
1058 3375
1059 2898
1060 2893
1061 2260
1062 2700
1063 2021
1064 2631
1065 2582
1066 3281
1067 3253
1068 2748
1069 2410
1070 2597
1071 2684
1072 2329
1073 1862
1074 2389
1075 2725
1076 2396
1077 2122
1078 2528
1079 2244
1080 2474
1081 2363
1082 2948
1083 2702
1084 2367
1085 2230
1086 2553
1087 2673
1088 2048
1089 2593
1090 3154
1091 2983
1092 3072
1093 2923
1094 2607
1095 2099
1096 2644
1097 2600
1098 2882
1099 3378
1100 2675
1101 2973
1102 2395
1103 2843
1104 2615
1105 2364
1106 2832
1107 2468
1108 2471
1109 1766
1110 3432
1111 2738
1112 2734
1113 2494
1114 2539
1115 2350
1116 2385
1117 2106
1118 2647
1119 2936
1120 2413
1121 2623
1122 2445
1123 2780
1124 2707
1125 2545
1126 3290
1127 2736
1128 3333
1129 2511
1130 2305
1131 2146
1132 1969
1133 2618
1134 2421
1135 2345
1136 2268
1137 2228
1138 1968
1139 2640
1140 2516
1141 2636
1142 2181
1143 2232
1144 2431
1145 2840
1146 2691
1147 2148
1148 2915
1149 2541
1150 2197
1151 2182
1152 2486
1153 2108
1154 2156
1155 2640
1156 2007
1157 2858
1158 2785
1159 2098
1160 2977
1161 2260
1162 2132
1163 3353
1164 2755
1165 2113
1166 2892
1167 3185
1168 2875
1169 2613
1170 2525
1171 2068
1172 2137
1173 2025
1174 2192
1175 2217
1176 3037
1177 2017
1178 2895
1179 2291
1180 2309
1181 2887
1182 3884
1183 2764
1184 3125
1185 2598
1186 1958
1187 2653
1188 3050
1189 2776
1190 2699
1191 3187
1192 3120
1193 2588
1194 2717
1195 2799
1196 3115
1197 3945
1198 4233
1199 2504
1200 3668
1201 2726
1202 2540
1203 3168
1204 3392
1205 3069
1206 2607
1207 2122
1208 2572
1209 2647
1210 2254
1211 3703
1212 2508
1213 1991
1214 2533
1215 2205
1216 2171
1217 2402
1218 2287
1219 1913
1220 2335
1221 1688
1222 2796
1223 2350
1224 3260
1225 2892
1226 2869
1227 3160
1228 2760
1229 3138
1230 2613
1231 2959
1232 2353
1233 2777
1234 2432
1235 3024
1236 2597
1237 2479
1238 3270
1239 2622
1240 2825
1241 2587
1242 2835
1243 2334
1244 2754
1245 2616
1246 3122
1247 2542
1248 2379
1249 3092
1250 2654
1251 3124
1252 2467
1253 3651
1254 2298
1255 2663
1256 2230
1257 2453
1258 3116
1259 2924
1260 2683
1261 2238
1262 2128
1263 2506
1264 2964
1265 2447
1266 2905
1267 2369
1268 2590
1269 2242
1270 2815
1271 3348
1272 2657
1273 2568
1274 2137
1275 2058
1276 2915
1277 3111
1278 2460
1279 1993
1280 2266
1281 3072
1282 3207
1283 2683
1284 2300
1285 2607
1286 2418
1287 2834
1288 3001
1289 3036
1290 3563
1291 2502
1292 2388
1293 2976
1294 3007
1295 2933
1296 2963
1297 2909
1298 2187
1299 2257
1300 2872
1301 2675
1302 2831
1303 1933
1304 2875
1305 3439
1306 2796
1307 2460
1308 3462
1309 2823
1310 2574
1311 2910
1312 3185
1313 2284
1314 2564
1315 3436
1316 2696
1317 3097
1318 2633
1319 2647
1320 2175
1321 2807
1322 2744
1323 2613
1324 2756
1325 2694
1326 2484
1327 2338
1328 2463
1329 2281
1330 2382
1331 2392
1332 2155
1333 3031
1334 2590
1335 2230
1336 2936
1337 2690
1338 3108
1339 2861
1340 2667
1341 3202
1342 2688
1343 2674
1344 2836
1345 3694
1346 2402
1347 2697
1348 3147
1349 1965
1350 2190
1351 3400
1352 3291
1353 2778
1354 2427
1355 2331
1356 2397
1357 3073
1358 2483
1359 2146
1360 2652
1361 2955
1362 2663
1363 2788
1364 2782
1365 3086
1366 2463
1367 2321
1368 2030
1369 2826
1370 2991
1371 3019
1372 2433
1373 3253
1374 3424
1375 3412
1376 3111
1377 2733
1378 3145
1379 2943
1380 2997
1381 3369
1382 3108
1383 2106
1384 2874
1385 3540
1386 2834
1387 3074
1388 2534
1389 2379
1390 3899
1391 3460
1392 3681
1393 6318
1394 4462
1395 3802
1396 3504
1397 2787
1398 2709
1399 3092
1400 2652
1401 3721
1402 2442
1403 2836
1404 2976
1405 2567
1406 3025
1407 3113
1408 2645
1409 2585
1410 3288
1411 2421
1412 2830
1413 3544
1414 2908
1415 2617
1416 2398
1417 2968
1418 2827
1419 2806
1420 2904
1421 2976
1422 3051
1423 2498
1424 3065
1425 3258
1426 2449
1427 3041
1428 3165
1429 2463
1430 2907
1431 2955
1432 3283
1433 2761
1434 3391
1435 2751
1436 2679
1437 2332
1438 3248
1439 2519
1440 2924
1441 2686
1442 1960
1443 2625
1444 2458
1445 3145
1446 2753
1447 2468
1448 2813
1449 3023
1450 2932
1451 3643
1452 3013
1453 2570
1454 2940
1455 3465
1456 3348
1457 2790
1458 2207
1459 3095
1460 3192
1461 3563
1462 3554
1463 3385
1464 2399
1465 2584
1466 3250
1467 2429
1468 3415
1469 3180
1470 2896
1471 2487
1472 2985
1473 2602
1474 2911
1475 2534
1476 2458
1477 3139
1478 3158
1479 2934
1480 3065
1481 2802
1482 3087
1483 2548
1484 3406
1485 2879
1486 2847
1487 2674
1488 2929
1489 3829
1490 2730
1491 2460
1492 2441
1493 3433
1494 3316
1495 2583
1496 2728
1497 2644
1498 3306
1499 3437
1500 1847
1501 2333
1502 2895
1503 2129
1504 2857
1505 1987
1506 1767
1507 2557
1508 2931
1509 3790
1510 2882
1511 2705
1512 2587
1513 2124
1514 2334
1515 3202
1516 3223
1517 4167
1518 2729
1519 2720
1520 2657
1521 2676
1522 2572
1523 2639
1524 2690
1525 3090
1526 3393
1527 2752
1528 2607
1529 4323
1530 3410
1531 2842
1532 3148
1533 3185
1534 3805
1535 3028
1536 2299
1537 2520
1538 2852
1539 3446
1540 3502
1541 2939
1542 3002
1543 2603
1544 3453
1545 3140
1546 3094
1547 2537
1548 2422
1549 2702
1550 2572
1551 2954
1552 2133
1553 2743
1554 2555
1555 2936
1556 3087
1557 3796
1558 3049
1559 3040
1560 3139
1561 2294
1562 2948
1563 3374
1564 4041
1565 3679
1566 2907
1567 2168
1568 3247
1569 2679
1570 3672
1571 3162
1572 2876
1573 2230
1574 2574
1575 2956
1576 3044
1577 3049
1578 3206
1579 3081
1580 3286
1581 3379
1582 3686
1583 3026
1584 3357
1585 3248
1586 2772
1587 3116
1588 2741
1589 2089
1590 2959
1591 3361
1592 3156
1593 3510
1594 3027
1595 3876
1596 2614
1597 2829
1598 2502
1599 2762
1600 3728
1601 3540
1602 2273
1603 3462
1604 3241
1605 3047
1606 2657
1607 2107
1608 4106
1609 3769
1610 2944
1611 3097
1612 2513
1613 3364
1614 3345
1615 2826
1616 2825
1617 2792
1618 2789
1619 5129
1620 3647
1621 3335
1622 3033
1623 2857
1624 2518
1625 2816
1626 2432
1627 2718
1628 2672
1629 2404
1630 2078
1631 2476
1632 2987
1633 2535
1634 3007
1635 3031
1636 2472
1637 3301
1638 3081
1639 3721
1640 2624
1641 2667
1642 3618
1643 3213
1644 1758
1645 2504
1646 2299
1647 3191
1648 2561
1649 2775
1650 2515
1651 3337
1652 3585
1653 2335
1654 3383
1655 2569
1656 2870
1657 3025
1658 2483
1659 2454
1660 2488
1661 2469
1662 3225
1663 2702
1664 3141
1665 3057
1666 2463
1667 2846
1668 2698
1669 3079
1670 1952
1671 2852
1672 2891
1673 2840
1674 3060
1675 2373
1676 2764
1677 2964
1678 2460
1679 2950
1680 2499
1681 4290
1682 2790
1683 2812
1684 2071
1685 2427
1686 3008
1687 2455
1688 2736
1689 2865
1690 35286
1691 3125
1692 3315
1693 2665
1694 2705
1695 3417
1696 2545
1697 2875
1698 3001
1699 2352
1700 2834
1701 2410
1702 2338
1703 2314
1704 3378
1705 3455
1706 2831
1707 3112
1708 2448
1709 2468
1710 2543
1711 3097
1712 2484
1713 24838
1714 3117
1715 2444
1716 2557
1717 2375
1718 3131
1719 3010
1720 2868
1721 2739
1722 1978
1723 2815
1724 2737
1725 3438
1726 2928
1727 2854
1728 2169
1729 32284
1730 2862
1731 2285
1732 2057
1733 2943
1734 2366
1735 2443
1736 2474
1737 2834
1738 3105
1739 3679
1740 2789
1741 3093
1742 3234
1743 2956
1744 3196
1745 2802
1746 3266
1747 2996
1748 2209
1749 2863
1750 2933
1751 3652
1752 2708
1753 2835
1754 3520
1755 2533
1756 2981
1757 2402
1758 2783
1759 2911
1760 3078
1761 2274
1762 2896
1763 2449
1764 3329
1765 30993
1766 3413
1767 2843
1768 2579
1769 3173
1770 2988
1771 3122
1772 2566
1773 2528
1774 2384
1775 2863
1776 2561
1777 3509
1778 2566
1779 2172
1780 2835
1781 3606
1782 3136
1783 2671
1784 2241
1785 3470
1786 3134
1787 3336
1788 2766
1789 2961
1790 3602
1791 2906
1792 2734
1793 3220
1794 2958
1795 2671
1796 2863
1797 2799
1798 3133
1799 2570
1800 3107
1801 3185
1802 2622
1803 3290
1804 2772
1805 2862
1806 3500
1807 3021
1808 3450
1809 2847
1810 2932
1811 3023
1812 3071
1813 2806
1814 2498
1815 2312
1816 2457
1817 2560
1818 3557
1819 2840
1820 3184
1821 2177
1822 2756
1823 2548
1824 3342
1825 2725
1826 3119
1827 3022
1828 3142
1829 2690
1830 3118
1831 2902
1832 2538
1833 3168
1834 2495
1835 2591
1836 3172
1837 3561
1838 3229
1839 3437
1840 2822
1841 2298
1842 3091
1843 2267
1844 2652
1845 1971
1846 3324
1847 2821
1848 2353
1849 3012
1850 3955
1851 2874
1852 2990
1853 2923
1854 3831
1855 2437
1856 2784
1857 3272
1858 3394
1859 2999
1860 2374
1861 2663
1862 2592
1863 2901
1864 2607
1865 2310
1866 2095
1867 3378
1868 3297
1869 2597
1870 2386
1871 3288
1872 2799
1873 3127
1874 2391
1875 2868
1876 3229
1877 2645
1878 3088
1879 2858
1880 2591
1881 25616
1882 2728
1883 2486
1884 2863
1885 2810
1886 3141
1887 2719
1888 2991
1889 2887
1890 3370
1891 2571
1892 3067
1893 2667
1894 3834
1895 2551
1896 2807
1897 2837
1898 2314
1899 2814
1900 2269
1901 2925
1902 2691
1903 2743
1904 2620
1905 3205
1906 2743
1907 2628
1908 2810
1909 3268
1910 2350
1911 2825
1912 3925
1913 2954
1914 3100
1915 2337
1916 3010
1917 2821
1918 3723
1919 3060
1920 2813
1921 4263
1922 3050
1923 3064
1924 1961
1925 3835
1926 2764
1927 2162
1928 2985
1929 2890
1930 2299
1931 3636
1932 3200
1933 2951
1934 2584
1935 2540
1936 2459
1937 3483
1938 3307
1939 2695
1940 2627
1941 3565
1942 2516
1943 3778
1944 3255
1945 2592
1946 2827
1947 3168
1948 2844
1949 3322
1950 2631
1951 2527
1952 2507
1953 3374
1954 2502
1955 2522
1956 1849
1957 2664
1958 2704
1959 2352
1960 2600
1961 2833
1962 3320
1963 2823
1964 2879
1965 2619
1966 2936
1967 2266
1968 3086
1969 3235
1970 3077
1971 2677
1972 2906
1973 3073
1974 1961
1975 3534
1976 3658
1977 3338
1978 2470
1979 4160
1980 3394
1981 2923
1982 2703
1983 2731
1984 2385
1985 2628
1986 2904
1987 3100
1988 2918
1989 3348
1990 2090
1991 2259
1992 3658
1993 3234
1994 3001
1995 3093
1996 2703
1997 3394
1998 3626
1999 3569
2000 2770
2001 2580
2002 3469
2003 3346
2004 3085
2005 3067
2006 2980
2007 3684
2008 2795
2009 2339
2010 3479
2011 3026
2012 3336
2013 2457
2014 2746
2015 2455
2016 2408
2017 2442
2018 2667
2019 2818
2020 2598
2021 2483
2022 3217
2023 2701
2024 2708
2025 3025
2026 3338
2027 3332
2028 2540
2029 2529
2030 3210
2031 2553
2032 2476
2033 2778
2034 3286
2035 2962
2036 2389
2037 2836
2038 3339
2039 2929
2040 2823
2041 2718
2042 3401
2043 2900
2044 3313
2045 2287
2046 3625
2047 2431
2048 2397
2049 2593
2050 3513
2051 3263
2052 3368
2053 4232
2054 2697
2055 2672
2056 1846
2057 3088
2058 2989
2059 2841
2060 3294
2061 2733
2062 2184
2063 2790
2064 2865
2065 3447
2066 2644
2067 2736
2068 3289
2069 2682
2070 2650
2071 3108
2072 3263
2073 3328
2074 2916
2075 2656
2076 2800
2077 3238
2078 2596
2079 2838
2080 2812
2081 3580
2082 2943
2083 2513
2084 3873
2085 2581
2086 3539
2087 4029
2088 2690
2089 2948
2090 2890
2091 3719
2092 3530
2093 2863
2094 2299
2095 2941
2096 2894
2097 2594
2098 2946
2099 3449
2100 2106
2101 2786
2102 2383
2103 2674
2104 2569
2105 2429
2106 2823
2107 2083
2108 2262
2109 2801
2110 2361
2111 2501
2112 2727
2113 3144
2114 2175
2115 2301
2116 2969
2117 3014
2118 2915
2119 3154
2120 2943
2121 2803
2122 2472
2123 2981
2124 2218
2125 2263
2126 3172
2127 2698
2128 3235
2129 3226
2130 3595
2131 3078
2132 2922
2133 2966
2134 3052
2135 3565
2136 2482
2137 3318
2138 2770
2139 2661
2140 3450
2141 2453
2142 2197
2143 2978
2144 3016
2145 2257
2146 2631
2147 2543
2148 2186
2149 2678
2150 3008
2151 2855
2152 2653
2153 3089
2154 2762
2155 2349
2156 2909
2157 3132
2158 3032
2159 2777
2160 2497
2161 3240
2162 2330
2163 2630
2164 2929
2165 2478
2166 2544
2167 2743
2168 4100
2169 2583
2170 2308
2171 2380
2172 3268
2173 2849
2174 2784
2175 2844
2176 2893
2177 3031
2178 2294
2179 3697
2180 2448
2181 2289
2182 3010
2183 1763
2184 2862
2185 2885
2186 3126
2187 2990
2188 2312
2189 3278
2190 2653
2191 2696
2192 2864
2193 3337
2194 2793
2195 3479
2196 2413
2197 2709
2198 3107
2199 2602
2200 3026
2201 2621
2202 2642
2203 21523
2204 2724
2205 2705
2206 2503
2207 3142
2208 2713
2209 2445
2210 2480
2211 3180
2212 2021
2213 2690
2214 20746
2215 3299
2216 3100
2217 3663
2218 3134
2219 3635
2220 2197
2221 3196
2222 3140
2223 2576
2224 2591
2225 3124
2226 3378
2227 2782
2228 3189
2229 3223
2230 3144
2231 3028
2232 2754
2233 3406
2234 2653
2235 2979
2236 3021
2237 2882
2238 2615
2239 2698
2240 2982
2241 2367
2242 3903
2243 3437
2244 3095
2245 3115
2246 2844
2247 3644
2248 2696
2249 3922
2250 3638
2251 2868
2252 2908
2253 2308
2254 3020
2255 2387
2256 3328
2257 2564
2258 2938
2259 2906
2260 2957
2261 2561
2262 2279
2263 2836
2264 2710
2265 3154
2266 3267
2267 2954
2268 2969
2269 2951
2270 2634
2271 2291
2272 3420
2273 2586
2274 2545
2275 2540
2276 3376
2277 4151
2278 2671
2279 3519
2280 2708
2281 2634
2282 2192
2283 3368
2284 2837
2285 3278
2286 3803
2287 3602
2288 3346
2289 2997
2290 2425
2291 3022
2292 3333
2293 3084
2294 3289
2295 3388
2296 2523
2297 3042
2298 2714
2299 2713
2300 3137
2301 3340
2302 2321
2303 3251
2304 2447
2305 2531
2306 2847
2307 2599
2308 2687
2309 2768
2310 3142
2311 2820
2312 2591
2313 2446
2314 2690
2315 2897
2316 3325
2317 3337
2318 2915
2319 2314
2320 3382
2321 2566
2322 2141
2323 2704
2324 2796
2325 3082
2326 3597
2327 3551
2328 2743
2329 2868
2330 3321
2331 2767
2332 3377
2333 3796
2334 2679
2335 3610
2336 2509
2337 3482
2338 2979
2339 3539
2340 3052
2341 3005
2342 3270
2343 3071
2344 3015
2345 3195
2346 2967
2347 2861
2348 3306
2349 2340
2350 3132
2351 3034
2352 2357
2353 3221
2354 2449
2355 2386
2356 3221
2357 3027
2358 2753
2359 2417
2360 2913
2361 2447
2362 2477
2363 2830
2364 3687
2365 3196
2366 3076
2367 2946
2368 2687
2369 3234
2370 2665
2371 3123
2372 2824
2373 3124
2374 3239
2375 2982
2376 3411
2377 2288
2378 2958
2379 2523
2380 2358
2381 3437
2382 3122
2383 3163
2384 2623
2385 2916
2386 2946
2387 2971
2388 2860
2389 2781
2390 2562
2391 2958
2392 2901
2393 2938
2394 2853
2395 2627
2396 2486
2397 2748
2398 3471
2399 2854
2400 2558
2401 2288
2402 2866
2403 2455
2404 2318
2405 3570
2406 3316
2407 2868
2408 3117
2409 2494
2410 2343
2411 2973
2412 5864
2413 3835
2414 3664
2415 3370
2416 3115
2417 4758
2418 2564
2419 3579
2420 3490
2421 2671
2422 3551
2423 3368
2424 2915
2425 2672
2426 3265
2427 2540
2428 2255
2429 2552
2430 3337
2431 3316
2432 2746
2433 1940
2434 2756
2435 2799
2436 3272
2437 3856
2438 3658
2439 33294
2440 3272
2441 4283
2442 2972
2443 4265
2444 3307
2445 3580
2446 3264
2447 3510
2448 3278
2449 2844
2450 2958
2451 3769
2452 3294
2453 2985
2454 3497
2455 3078
2456 2878
2457 3282
2458 3579
2459 2861
2460 3688
2461 3644
2462 3604
2463 2871
2464 5907
2465 4165
2466 3785
2467 4809
2468 3324
2469 3050
2470 2985
2471 3754
2472 3262
2473 3250
2474 3627
2475 3304
2476 3927
2477 3059
2478 4364
2479 3550
2480 3657
2481 4151
2482 3463
2483 3466
2484 3265
2485 4216
2486 4165
2487 3429
2488 3327
2489 2933
2490 3457
2491 3375
2492 19967
2493 3582
2494 3065
2495 3823
2496 2325
2497 3441
2498 3655
2499 3446
2500 3423
2501 3402
2502 2824
2503 3362
2504 4122
2505 3932
2506 3400
2507 2918
2508 3448
2509 2965
2510 3747
2511 3093
2512 4095
2513 3303
2514 2829
2515 3497
2516 3356
2517 3598
2518 3224
2519 4772
2520 2847
2521 3448
2522 3617
2523 3349
2524 3968
2525 4145
2526 5260
2527 3328
2528 3740
2529 3812
2530 3200
2531 4169
2532 3846
2533 3138
2534 4332
2535 3732
2536 3505
2537 3370
2538 3148
2539 2823
2540 3829
2541 2723
2542 3139
2543 3202
2544 3320
2545 2241
2546 3910
2547 2864
2548 3149
2549 3645
2550 3469
2551 3369
2552 3646
2553 3072
2554 3425
2555 3533
2556 3204
2557 2901
2558 3130
2559 2932
2560 2726
2561 3179
2562 2922
2563 3508
2564 3129
2565 2945
2566 3048
2567 3373
2568 2529
2569 3436
2570 2585
2571 2914
2572 3743
2573 3030
2574 3662
2575 2878
2576 3132
2577 3098
2578 3157
2579 3344
2580 3610
2581 2821
2582 2991
2583 3662
2584 2781
2585 2754
2586 2745
2587 3348
2588 2788
2589 2999
2590 3342
2591 2546
2592 2824
2593 4054
2594 2683
2595 3231
2596 32038
2597 3022
2598 2709
2599 3411
2600 3248
2601 3466
2602 3099
2603 2622
2604 3580
2605 2715
2606 2011
2607 2670
2608 2809
2609 2639
2610 3144
2611 3155
2612 3165
2613 3095
2614 3158
2615 2995
2616 3380
2617 2862
2618 2832
2619 2589
2620 2588
2621 2794
2622 2692
2623 3118
2624 3393
2625 2583
2626 3277
2627 2980
2628 3359
2629 2608
2630 3150
2631 3314
2632 2777
2633 3433
2634 3716
2635 2912
2636 2461
2637 3574
2638 3313
2639 3529
2640 2794
2641 3072
2642 4169
2643 3018
2644 2579
2645 3047
2646 2496
2647 3440
2648 3490
2649 3440
2650 2537
2651 2428
2652 3055
2653 4251
2654 3585
2655 2511
2656 2621
2657 3146
2658 2976
2659 3180
2660 2412
2661 1885
2662 3416
2663 3206
2664 2874
2665 3446
2666 2736
2667 2487
2668 2736
2669 2622
2670 2446
2671 3139
2672 2964
2673 2632
2674 3125
2675 2785
2676 2472
2677 2971
2678 3702
2679 2649
2680 2515
2681 2478
2682 2539
2683 2736
2684 3379
2685 3954
2686 2758
2687 2888
2688 2845
2689 2663
2690 1946
2691 3252
2692 2799
2693 3044
2694 2899
2695 2940
2696 3276
2697 2365
2698 2186
2699 3982
2700 3067
2701 2664
2702 2913
2703 2063
2704 2977
2705 3190
2706 3255
2707 3320
2708 3405
2709 2823
2710 3419
2711 2325
2712 4003
2713 4103
2714 3174
2715 3410
2716 2718
2717 2434
2718 3270
2719 2868
2720 2402
2721 2922
2722 2480
2723 3066
2724 3327
2725 2811
2726 3087
2727 3387
2728 2796
2729 2778
2730 2179
2731 2897
2732 3836
2733 4336
2734 3337
2735 3296
2736 3830
2737 4061
2738 3884
2739 3366
2740 3510
2741 3117
2742 2689
2743 3072
2744 3141
2745 3304
2746 3145
2747 2887
2748 2966
2749 2494
2750 2970
2751 2791
2752 2569
2753 3050
2754 3175
2755 3330
2756 2345
2757 3244
2758 2391
2759 3322
2760 3330
2761 2451
2762 3190
2763 3305
2764 2454
2765 3319
2766 3380
2767 3814
2768 2792
2769 2509
2770 3031
2771 3448
2772 3251
2773 2841
2774 3726
2775 2847
2776 2970
2777 2669
2778 2126
2779 2856
2780 3182
2781 3068
2782 3370
2783 3050
2784 2177
2785 2272
2786 2733
2787 2231
2788 2421
2789 2620
2790 2713
2791 2718
2792 2482
2793 3079
2794 2994
2795 2961
2796 3147
2797 2679
2798 3370
2799 3052
2800 2403
2801 2992
2802 2814
2803 2867
2804 3103
2805 2691
2806 3379
2807 2401
2808 3188
2809 2686
2810 2417
2811 1888
2812 3162
2813 2800
2814 3019
2815 3159
2816 3096
2817 2922
2818 3496
2819 2780
2820 2555
2821 2878
2822 3738
2823 3088
2824 3663
2825 3420
2826 2777
2827 3276
2828 3132
2829 2641
2830 2721
2831 2730
2832 2444
2833 3594
2834 3331
2835 2814
2836 3755
2837 3094
2838 3426
2839 2480
2840 3128
2841 3538
2842 2683
2843 2803
2844 3315
2845 3490
2846 2936
2847 2681
2848 1929
2849 3236
2850 2595
2851 2853
2852 3175
2853 3232
2854 3169
2855 3681
2856 2946
2857 3005
2858 3095
2859 3577
2860 3033
2861 2372
2862 3478
2863 3126
2864 2841
2865 3316
2866 2668
2867 2518
2868 2665
2869 2583
2870 3492
2871 3461
2872 2602
2873 2374
2874 3148
2875 2841
2876 3175
2877 3321
2878 2711
2879 3196
2880 2696
2881 3226
2882 3869
2883 2495
2884 2782
2885 3388
2886 2977
2887 3209
2888 2542
2889 2340
2890 2362
2891 3421
2892 3569
2893 3102
2894 2913
2895 3260
2896 2702
2897 2693
2898 3046
2899 3061
2900 2370
2901 3123
2902 2456
2903 3184
2904 2997
2905 2639
2906 3428
2907 3124
2908 2919
2909 3283
2910 3358
2911 2858
2912 3355
2913 2814
2914 3235
2915 3246
2916 2819
2917 2394
2918 3077
2919 2335
2920 2757
2921 2363
2922 3985
2923 2611
2924 2912
2925 3564
2926 2234
2927 3129
2928 2169
2929 2832
2930 3156
2931 2560
2932 3456
2933 3007
2934 2639
2935 3206
2936 3382
2937 3074
2938 2560
2939 3118
2940 2736
2941 3123
2942 2704
2943 3268
2944 3407
2945 3592
2946 3204
2947 2995
2948 3269
2949 2890
2950 2804
2951 2469
2952 2828
2953 3231
2954 2211
2955 3238
2956 2389
2957 2042
2958 3312
2959 2274
2960 2587
2961 2996
2962 2973
2963 3127
2964 2434
2965 3025
2966 3627
2967 3150
2968 3089
2969 2488
2970 2497
2971 3217
2972 2023
2973 3310
2974 2938
2975 2127
2976 2956
2977 2017
2978 2949
2979 3058
2980 3435
2981 2580
2982 3203
2983 3327
2984 3418
2985 3787
2986 3603
2987 2755
2988 2578
2989 3465
2990 3268
2991 2548
2992 3393
2993 2160
2994 3052
2995 3150
2996 2664
2997 3698
2998 3174
2999 2861
3000 3093
3001 3426
3002 3161
3003 3042
3004 2718
3005 3157
3006 2224
3007 4052
3008 3302
3009 2838
3010 4029
3011 3412
3012 3270
3013 3206
3014 3118
3015 3524
3016 2661
3017 3164
3018 3445
3019 2958
3020 2658
3021 2396
3022 3135
3023 3007
3024 3868
3025 4442
3026 3216
3027 3456
3028 3640
3029 4199
3030 3184
3031 3980
3032 2979
3033 2689
3034 3041
3035 2726
3036 3341
3037 3129
3038 2968
3039 3112
3040 2618
3041 3183
3042 2466
3043 2614
3044 2929
3045 2632
3046 2713
3047 2815
3048 2739
3049 3317
3050 3137
3051 1971
3052 2818
3053 2273
3054 2438
3055 2475
3056 2765
3057 2790
3058 2829
3059 2349
3060 2438
3061 2702
3062 2355
3063 2697
3064 3038
3065 2434
3066 2582
3067 3162
3068 3406
3069 2859
3070 2346
3071 3078
3072 2918
3073 2920
3074 2645
3075 3240
3076 2554
3077 3001
3078 2920
3079 3770
3080 3165
3081 2822
3082 4053
3083 3113
3084 3712
3085 3230
3086 2989
3087 2632
3088 3156
3089 3653
3090 2923
3091 3215
3092 2964
3093 4223
3094 3373
3095 2607
3096 2397
3097 2739
3098 3090
3099 3278
3100 2792
3101 3333
3102 2676
3103 4187
3104 3005
3105 3146
3106 3101
3107 2751
3108 2650
3109 3049
3110 2831
3111 3881
3112 3397
3113 3576
3114 3054
3115 2958
3116 3216
3117 2907
3118 3407
3119 2532
3120 3595
3121 3319
3122 2852
3123 2635
3124 3121
3125 2880
3126 2960
3127 2929
3128 2893
3129 2555
3130 3321
3131 3626
3132 3564
3133 3217
3134 3320
3135 2964
3136 3582
3137 3275
3138 2712
3139 3108
3140 2890
3141 2967
3142 2684
3143 3353
3144 2960
3145 2978
3146 3086
3147 3551
3148 2942
3149 3132
3150 2477
3151 2997
3152 2406
3153 2912
3154 3405
3155 2534
3156 3003
3157 2874
3158 2226
3159 3322
3160 3422
3161 3477
3162 3480
3163 3432
3164 2522
3165 3214
3166 2722
3167 2942
3168 3026
3169 3037
3170 3446
3171 3247
3172 2769
3173 3087
3174 3271
3175 2753
3176 2563
3177 2718
3178 2749
3179 3136
3180 3010
3181 2244
3182 3383
3183 2449
3184 3223
3185 2726
3186 2962
3187 2897
3188 2607
3189 3004
3190 3234
3191 3679
3192 2758
3193 2924
3194 3615
3195 3220
3196 2953
3197 4082
3198 4117
3199 2661
3200 2883
3201 2958
3202 3468
3203 2489
3204 2703
3205 2152
3206 3429
3207 3262
3208 3102
3209 2993
3210 3162
3211 2504
3212 2583
3213 3278
3214 3322
3215 3635
3216 2803
3217 3039
3218 3753
3219 2627
3220 3279
3221 3831
3222 20168
3223 3420
3224 3221
3225 2717
3226 2774
3227 3497
3228 3071
3229 2733
3230 2833
3231 2263
3232 3049
3233 2760
3234 3427
3235 2715
3236 2677
3237 3629
3238 2692
3239 3349
3240 3093
3241 3102
3242 2979
3243 3493
3244 2608
3245 2605
3246 3076
3247 2744
3248 3037
3249 2629
3250 2827
3251 2985
3252 2883
3253 3576
3254 2827
3255 3141
3256 2777
3257 2689
3258 2445
3259 2637
3260 2913
3261 2873
3262 3328
3263 3331
3264 3052
3265 2684
3266 3111
3267 2973
3268 3168
3269 3126
3270 3125
3271 3444
3272 3109
3273 3629
3274 3342
3275 2857
3276 3186
3277 3209
3278 3580
3279 2832
3280 2991
3281 3234
3282 3099
3283 3629
3284 2633
3285 3146
3286 2486
3287 3594
3288 2760
3289 3506
3290 3045
3291 3405
3292 2783
3293 3037
3294 3420
3295 3181
3296 3764
3297 2875
3298 3261
3299 3423
3300 2624
3301 3622
3302 2952
3303 2823
3304 2703
3305 3420
3306 3203
3307 2272
3308 2676
3309 2783
3310 3085
3311 2794
3312 2974
3313 2937
3314 2267
3315 3258
3316 2995
3317 2590
3318 2700
3319 2686
3320 3342
3321 2864
3322 2587
3323 3037
3324 2974
3325 3170
3326 7327
3327 3023
3328 3351
3329 3686
3330 2330
3331 3559
3332 3259
3333 2992
3334 2883
3335 3108
3336 3085
3337 2762
3338 3090
3339 2644
3340 2848
3341 2040
3342 2182
3343 2663
3344 2654
3345 4050
3346 2369
3347 3360
3348 2885
3349 2928
3350 2793
3351 2551
3352 2928
3353 2996
3354 3176
3355 2501
3356 3183
3357 2697
3358 3312
3359 2929
3360 3721
3361 2549
3362 3342
3363 3156
3364 3199
3365 3403
3366 2734
3367 3064
3368 3398
3369 2572
3370 3294
3371 3036
3372 3018
3373 2814
3374 2988
3375 3080
3376 2752
3377 2734
3378 2628
3379 2787
3380 3517
3381 2960
3382 3145
3383 3814
3384 3122
3385 2536
3386 3006
3387 4062
3388 3516
3389 3994
3390 3112
3391 3651
3392 2965
3393 3181
3394 3066
3395 3382
3396 3410
3397 3329
3398 3541
3399 2920
3400 3265
3401 2660
3402 3055
3403 3319
3404 3377
3405 2540
3406 3075
3407 3288
3408 3373
3409 3253
3410 2311
3411 2269
3412 3917
3413 2997
3414 2894
3415 2891
3416 3214
3417 4093
3418 3363
3419 2930
3420 3224
3421 3828
3422 3371
3423 3052
3424 3268
3425 3224
3426 3354
3427 3586
3428 2710
3429 2613
3430 2557
3431 2652
3432 2509
3433 2987
3434 3033
3435 2929
3436 2710
3437 1764
3438 3211
3439 2946
3440 3223
3441 2627
3442 3040
3443 3259
3444 3497
3445 2933
3446 2893
3447 3190
3448 2435
3449 3306
3450 3133
3451 2979
3452 1983
3453 3377
3454 3078
3455 2637
3456 3026
3457 3153
3458 3904
3459 2695
3460 3092
3461 2937
3462 3283
3463 3151
3464 2788
3465 3022
3466 17294
3467 2987
3468 2898
3469 2931
3470 2716
3471 3839
3472 3428
3473 3882
3474 2835
3475 3245
3476 3312
3477 3216
3478 2989
3479 3063
3480 3154
3481 2985
3482 2830
3483 3067
3484 3077
3485 2643
3486 3283
3487 2690
3488 30320
3489 2987
3490 3305
3491 3203
3492 2900
3493 3399
3494 3433
3495 3173
3496 3023
3497 3357
3498 3098
3499 2730
3500 3304
3501 3194
3502 2383
3503 3382
3504 3309
3505 3365
3506 2800
3507 3338
3508 2424
3509 3422
3510 3135
3511 3568
3512 2969
3513 2313
3514 3324
3515 3306
3516 3283
3517 2945
3518 3245
3519 2779
3520 3531
3521 2881
3522 2666
3523 3287
3524 3304
3525 2686
3526 3573
3527 3075
3528 2949
3529 2824
3530 2713
3531 3423
3532 2931
3533 4605
3534 2524
3535 3426
3536 2817
3537 3262
3538 3131
3539 3334
3540 2400
3541 3058
3542 2491
3543 3450
3544 2898
3545 3093
3546 3038
3547 2826
3548 3268
3549 3668
3550 3041
3551 3338
3552 3225
3553 2690
3554 2729
3555 2335
3556 3815
3557 2950
3558 3285
3559 2959
3560 3109
3561 3202
3562 3553
3563 3247
3564 3411
3565 3150
3566 3577
3567 3235
3568 2748
3569 3119
3570 3869
3571 2647
3572 3524
3573 2799
3574 2739
3575 3046
3576 2806
3577 3106
3578 2927
3579 2919
3580 3345
3581 3706
3582 2805
3583 2907
3584 3225
3585 3364
3586 2873
3587 3734
3588 3193
3589 2870
3590 3651
3591 3314
3592 2273
3593 3284
3594 3135
3595 3071
3596 3563
3597 2706
3598 3333
3599 3744
3600 3044
3601 2925
3602 3261
3603 2583
3604 2272
3605 3412
3606 2419
3607 2952
3608 3547
3609 2990
3610 3584
3611 2869
3612 3147
3613 3088
3614 2978
3615 2564
3616 3113
3617 2941
3618 3296
3619 2404
3620 3374
3621 2614
3622 3324
3623 2844
3624 3147
3625 2276
3626 3693
3627 3168
3628 3015
3629 3476
3630 2215
3631 3835
3632 2628
3633 9065
3634 3461
3635 2998
3636 2956
3637 3375
3638 2605
3639 3060
3640 3072
3641 2936
3642 2882
3643 3958
3644 2892
3645 2373
3646 2366
3647 3614
3648 3280
3649 2603
3650 2349
3651 3450
3652 4306
3653 2934
3654 2955
3655 4047
3656 3075
3657 2955
3658 4105
3659 3203
3660 3222
3661 3369
3662 2659
3663 3703
3664 3459
3665 2506
3666 3351
3667 3386
3668 3092
3669 4403
3670 2939
3671 2812
3672 3175
3673 2980
3674 3110
3675 2991
3676 3656
3677 3649
3678 2649
3679 3269
3680 3240
3681 3474
3682 3388
3683 3863
3684 2480
3685 2315
3686 2473
3687 3683
3688 3236
3689 3180
3690 2503
3691 3450
3692 2882
3693 3330
3694 2221
3695 2730
3696 3391
3697 3718
3698 3155
3699 4110
3700 3355
3701 3477
3702 2774
3703 2154
3704 2665
3705 2231
3706 3115
3707 3080
3708 2911
3709 2905
3710 3497
3711 3921
3712 3372
3713 2792
3714 3096
3715 3837
3716 3778
3717 2764
3718 3024
3719 2800
3720 3757
3721 2412
3722 3043
3723 3251
3724 2408
3725 2554
3726 3184
3727 3005
3728 3362
3729 3014
3730 2724
3731 3232
3732 3236
3733 2850
3734 3685
3735 3057
3736 3252
3737 2890
3738 2866
3739 2493
3740 2687
3741 3843
3742 2965
3743 3209
3744 3023
3745 3601
3746 2799
3747 2576
3748 2616
3749 3169
3750 3835
3751 2886
3752 3474
3753 3264
3754 2933
3755 3424
3756 2708
3757 3410
3758 2849
3759 2934
3760 2975
3761 3618
3762 2945
3763 3389
3764 2970
3765 3244
3766 2928
3767 3116
3768 3686
3769 3237
3770 2794
3771 2798
3772 3463
3773 2714
3774 4078
3775 3287
3776 3168
3777 3653
3778 3778
3779 2606
3780 3306
3781 2639
3782 3837
3783 3053
3784 3190
3785 2632
3786 3675
3787 3370
3788 3367
3789 2588
3790 2478
3791 3499
3792 2667
3793 2754
3794 4066
3795 2792
3796 2800
3797 2964
3798 3298
3799 2533
3800 3147
3801 2881
3802 3158
3803 2725
3804 3024
3805 3115
3806 3252
3807 1866
3808 3346
3809 2458
3810 3094
3811 3084
3812 3137
3813 2807
3814 2553
3815 3999
3816 4280
3817 2974
3818 2831
3819 3045
3820 3108
3821 2450
3822 3065
3823 2849
3824 2598
3825 2972
3826 3728
3827 2807
3828 3249
3829 3540
3830 2968
3831 2889
3832 3661
3833 3147
3834 2987
3835 3121
3836 3027
3837 3141
3838 2688
3839 3110
3840 2847
3841 3814
3842 3027
3843 3355
3844 3446
3845 3117
3846 2119
3847 3875
3848 3070
3849 4233
3850 2824
3851 3036
3852 2983
3853 3551
3854 2693
3855 2671
3856 2999
3857 2979
3858 2617
3859 3388
3860 3131
3861 2636
3862 2648
3863 3057
3864 2898
3865 3847
3866 3250
3867 3110
3868 2646
3869 2628
3870 2662
3871 3456
3872 3002
3873 2897
3874 3122
3875 3149
3876 2730
3877 2694
3878 3418
3879 3593
3880 3840
3881 3050
3882 3050
3883 3117
3884 3513
3885 3191
3886 2392
3887 2635
3888 4231
3889 3463
3890 3138
3891 2614
3892 2963
3893 3248
3894 2849
3895 3220
3896 3061
3897 3141
3898 3483
3899 3193
3900 3259
3901 2714
3902 3530
3903 3789
3904 2546
3905 2537
3906 2555
3907 3402
3908 3021
3909 3373
3910 2664
3911 3121
3912 2877
3913 3761
3914 3263
3915 2965
3916 3144
3917 3699
3918 2912
3919 2640
3920 3579
3921 3308
3922 2929
3923 3880
3924 3302
3925 2863
3926 3447
3927 1879
3928 2939
3929 2554
3930 3855
3931 2642
3932 3486
3933 3192
3934 2730
3935 3063
3936 2954
3937 2856
3938 3006
3939 3321
3940 3160
3941 3016
3942 3867
3943 2952
3944 3913
3945 2526
3946 3155
3947 2946
3948 2916
3949 3662
3950 3310
3951 3614
3952 3507
3953 3656
3954 2666
3955 3132
3956 2784
3957 3038
3958 2903
3959 3001
3960 3044
3961 2923
3962 3923
3963 3157
3964 2712
3965 3314
3966 3337
3967 3758
3968 2558
3969 1924
3970 3226
3971 2313
3972 2516
3973 2376
3974 3431
3975 2525
3976 3265
3977 3362
3978 3148
3979 2832
3980 3209
3981 2287
3982 3658
3983 2881
3984 3396
3985 4108
3986 3413
3987 3631
3988 3062
3989 3342
3990 6142
3991 3396
3992 3958
3993 3333
3994 4011
3995 3657
3996 3562
3997 2998
3998 3573
3999 2569
4000 3511
4001 3973
4002 2930
4003 3895
4004 2694
4005 2452
4006 3085
4007 2559
4008 3230
4009 2904
4010 3528
4011 3760
4012 3443
4013 2925
4014 3064
4015 2202
4016 2933
4017 3093
4018 2839
4019 3119
4020 3612
4021 3131
4022 2841
4023 3285
4024 3056
4025 3399
4026 2895
4027 3339
4028 2963
4029 3782
4030 3215
4031 3124
4032 2313
4033 2817
4034 2616
4035 3254
4036 2718
4037 3497
4038 2912
4039 2956
4040 3367
4041 3078
4042 2746
4043 3086
4044 3802
4045 3463
4046 3368
4047 1858
4048 3561
4049 3294
4050 2681
4051 2839
4052 2833
4053 3779
4054 3304
4055 2391
4056 3227
4057 3292
4058 2812
4059 2960
4060 3468
4061 2839
4062 3282
4063 3224
4064 3305
4065 2964
4066 3406
4067 3003
4068 3383
4069 3881
4070 2479
4071 2426
4072 2643
4073 3223
4074 2298
4075 3462
4076 3284
4077 3500
4078 3059
4079 3023
4080 2580
4081 3160
4082 3421
4083 2417
4084 3174
4085 3340
4086 3023
4087 3020
4088 2807
4089 3670
4090 2402
4091 3017
4092 4033
4093 2727
4094 2943
4095 2668
4096 2965
4097 2911
4098 3509
4099 2346
4100 3027
4101 2844
4102 2981
4103 2557
4104 3674
4105 2520
4106 2765
4107 2591
4108 3437
4109 3105
4110 2735
4111 3284
4112 3746
4113 3450
4114 3169
4115 2787
4116 2477
4117 3511
4118 3671
4119 3746
4120 3857
4121 2881
4122 3176
4123 2697
4124 2768
4125 3321
4126 2317
4127 3642
4128 3350
4129 3065
4130 2597
4131 3296
4132 3383
4133 2950
4134 3470
4135 3067
4136 4065
4137 3352
4138 3369
4139 3652
4140 2869
4141 2938
4142 3123
4143 2324
4144 3908
4145 2923
4146 2790
4147 3197
4148 3152
4149 3944
4150 2892
4151 2554
4152 3437
4153 2755
4154 2856
4155 2845
4156 3459
4157 3270
4158 3563
4159 3559
4160 2780
4161 3138
4162 2644
4163 3203
4164 2800
4165 3141
4166 3167
4167 3302
4168 2376
4169 2732
4170 3499
4171 3327
4172 3066
4173 3145
4174 3189
4175 2911
4176 2903
4177 3227
4178 2906
4179 3685
4180 3396
4181 3133
4182 3585
4183 2825
4184 2155
4185 3110
4186 2848
4187 3900
4188 3655
4189 2665
4190 2865
4191 2307
4192 2077
4193 2329
4194 1983
4195 2815
4196 2651
4197 3327
4198 3140
4199 3341
4200 2245
4201 3135
4202 2279
4203 2412
4204 3794
4205 3630
4206 4556
4207 3160
4208 2799
4209 2665
4210 2706
4211 3001
4212 3445
4213 2825
4214 2785
4215 3441
4216 3157
4217 3055
4218 2424
4219 3402
4220 2847
4221 2579
4222 3172
4223 2230
4224 3181
4225 3237
4226 3344
4227 2817
4228 3112
4229 3352
4230 3773
4231 3168
4232 3126
4233 3577
4234 2774
4235 2476
4236 3397
4237 2888
4238 3464
4239 34556
4240 2781
4241 3038
4242 2734
4243 2637
4244 3943
4245 3633
4246 3253
4247 3517
4248 3450
4249 2738
4250 3690
4251 3119
4252 2639
4253 2948
4254 2469
4255 3181
4256 2718
4257 3236
4258 3149
4259 2796
4260 2821
4261 2624
4262 3962
4263 2848
4264 3192
4265 2943
4266 2909
4267 3714
4268 3011
4269 2514
4270 2766
4271 3888
4272 3147
4273 3314
4274 35445
4275 2658
4276 3171
4277 3806
4278 3214
4279 2592
4280 2931
4281 3217
4282 3205
4283 2851
4284 3223
4285 2803
4286 2542
4287 2868
4288 3914
4289 3382
4290 3515
4291 2728
4292 2406
4293 4087
4294 3444
4295 2919
4296 3310
4297 3895
4298 3316
4299 3362
4300 2761
4301 3528
4302 3509
4303 3222
4304 3307
4305 3405
4306 3080
4307 3077
4308 3277
4309 3048
4310 3520
4311 2885
4312 3796
4313 2357
4314 3086
4315 3272
4316 3461
4317 3753
4318 3046
4319 3451
4320 3058
4321 3228
4322 2648
4323 2574
4324 3090
4325 3182
4326 3269
4327 2880
4328 3572
4329 3332
4330 3169
4331 2473
4332 2896
4333 3647
4334 3611
4335 3143
4336 3237
4337 3372
4338 3172
4339 2420
4340 3192
4341 2800
4342 2817
4343 3865
4344 3345
4345 3107
4346 3418
4347 2852
4348 3039
4349 3537
4350 3031
4351 2163
4352 3766
4353 3103
4354 3365
4355 2350
4356 3075
4357 2745
4358 2921
4359 3593
4360 3034
4361 3170
4362 2739
4363 2952
4364 3428
4365 3239
4366 2690
4367 2702
4368 2604
4369 2913
4370 30077
4371 3901
4372 3766
4373 2765
4374 3493
4375 2996
4376 3148
4377 3522
4378 3053
4379 3226
4380 3340
4381 3000
4382 3208
4383 3730
4384 2835
4385 3014
4386 3008
4387 3260
4388 3402
4389 3700
4390 2548
4391 2953
4392 3392
4393 2776
4394 4169
4395 3115
4396 3204
4397 3302
4398 1809
4399 3644
4400 3306
4401 3256
4402 3286
4403 1781
4404 3750
4405 2942
4406 2774
4407 2554
4408 3032
4409 3144
4410 3542
4411 3258
4412 2704
4413 3188
4414 2080
4415 3431
4416 3758
4417 2867
4418 3306
4419 2999
4420 2551
4421 3047
4422 2867
4423 2770
4424 3328
4425 2665
4426 3345
4427 2958
4428 3349
4429 2538
4430 2390
4431 3265
4432 3237
4433 3992
4434 3172
4435 3872
4436 3374
4437 3200
4438 3799
4439 2707
4440 3204
4441 3694
4442 3147
4443 2408
4444 2754
4445 2627
4446 3872
4447 3004
4448 4558
4449 3460
4450 2468
4451 2993
4452 3719
4453 2534
4454 3019
4455 2595
4456 3163
4457 2633
4458 2565
4459 4072
4460 3796
4461 3778
4462 2988
4463 2806
4464 2476
4465 3385
4466 3173
4467 3601
4468 2567
4469 2884
4470 3145
4471 2910
4472 3778
4473 2524
4474 3394
4475 3563
4476 3225
4477 3340
4478 2944
4479 3396
4480 3065
4481 3106
4482 2947
4483 3153
4484 2731
4485 4056
4486 2891
4487 3507
4488 3648
4489 3414
4490 3939
4491 2794
4492 3016
4493 2137
4494 2869
4495 4421
4496 2969
4497 3583
4498 3314
4499 3103
4500 2991
4501 3029
4502 3399
4503 3388
4504 3117
4505 3149
4506 3181
4507 3708
4508 2910
4509 2027
4510 3057
4511 3466
4512 2916
4513 2829
4514 3424
4515 3214
4516 3075
4517 3357
4518 2764
4519 3274
4520 3461
4521 3437
4522 3777
4523 2927
4524 2637
4525 3758
4526 3379
4527 3548
4528 3677
4529 2789
4530 3339
4531 2904
4532 2638
4533 3611
4534 2964
4535 3475
4536 3085
4537 2861
4538 3190
4539 3336
4540 3142
4541 2783
4542 2154
4543 3210
4544 3525
4545 3191
4546 2844
4547 3253
4548 3044
4549 3479
4550 2973
4551 2892
4552 2767
4553 3188
4554 2924
4555 3414
4556 2776
4557 3978
4558 3065
4559 3167
4560 3983
4561 2884
4562 3041
4563 3152
4564 3865
4565 3359
4566 3064
4567 3075
4568 2853
4569 3137
4570 3621
4571 2777
4572 2911
4573 2610
4574 2914
4575 2988
4576 2644
4577 3208
4578 3280
4579 3525
4580 3268
4581 2786
4582 3586
4583 2847
4584 3786
4585 3128
4586 3270
4587 2962
4588 3093
4589 3713
4590 3214
4591 3670
4592 3638
4593 3085
4594 2873
4595 3807
4596 3607
4597 2783
4598 3403
4599 3065
4600 2478
4601 3527
4602 2951
4603 2730
4604 3250
4605 2716
4606 3160
4607 2812
4608 3035
4609 2366
4610 2871
4611 2972
4612 2699
4613 3120
4614 3119
4615 2894
4616 2838
4617 3618
4618 2906
4619 2740
4620 3568
4621 3003
4622 3783
4623 3216
4624 2234
4625 2629
4626 2141
4627 2830
4628 3382
4629 3056
4630 3252
4631 3287
4632 4317
4633 2730
4634 3263
4635 3013
4636 3350
4637 3603
4638 2854
4639 2344
4640 3381
4641 3381
4642 3233
4643 2378
4644 3356
4645 3194
4646 3262
4647 3159
4648 2493
4649 3113
4650 4020
4651 3123
4652 3070
4653 3060
4654 3498
4655 3170
4656 3627
4657 2845
4658 2954
4659 2840
4660 3018
4661 3117
4662 2882
4663 2619
4664 3047
4665 2377
4666 2696
4667 2962
4668 2963
4669 3130
4670 3326
4671 3650
4672 2876
4673 3461
4674 3810
4675 3302
4676 3225
4677 2925
4678 3304
4679 3257
4680 4499
4681 2832
4682 3577
4683 2415
4684 3005
4685 2661
4686 3757
4687 2945
4688 2789
4689 3685
4690 2384
4691 3778
4692 3020
4693 17048
4694 3441
4695 2749
4696 3258
4697 3428
4698 3920
4699 2717
4700 2822
4701 3034
4702 2613
4703 2876
4704 3050
4705 3999
4706 3135
4707 2736
4708 2872
4709 3923
4710 2918
4711 24856
4712 3402
4713 3519
4714 3369
4715 3296
4716 3025
4717 3217
4718 3668
4719 2841
4720 3351
4721 2897
4722 2703
4723 3501
4724 2943
4725 3443
4726 3067
4727 3065
4728 3047
4729 3227
4730 3420
4731 3289
4732 3873
4733 3247
4734 3667
4735 1866
4736 2504
4737 3464
4738 2603
4739 3144
4740 2756
4741 2930
4742 2953
4743 3034
4744 3371
4745 3007
4746 3622
4747 3331
4748 3143
4749 3331
4750 3430
4751 3419
4752 3167
4753 4113
4754 2451
4755 3660
4756 2906
4757 3705
4758 3185
4759 2747
4760 3210
4761 3620
4762 2652
4763 2536
4764 3966
4765 3005
4766 3420
4767 3172
4768 2613
4769 3364
4770 3734
4771 2295
4772 3002
4773 3056
4774 3038
4775 2868
4776 3504
4777 2835
4778 2669
4779 3885
4780 3266
4781 4324
4782 3351
4783 3524
4784 3291
4785 4221
4786 3818
4787 3565
4788 2635
4789 3189
4790 3178
4791 2812
4792 3667
4793 3682
4794 2596
4795 4098
4796 2832
4797 3349
4798 3232
4799 2743
4800 2787
4801 3366
4802 3135
4803 2920
4804 2716
4805 2868
4806 2913
4807 3173
4808 3012
4809 3654
4810 2475
4811 2978
4812 3255
4813 3234
4814 3049
4815 28690
4816 2440
4817 3477
4818 3620
4819 3236
4820 3196
4821 3344
4822 2506
4823 2853
4824 3416
4825 3038
4826 3404
4827 3404
4828 4088
4829 3252
4830 3433
4831 2842
4832 3285
4833 4431
4834 2823
4835 3859
4836 3353
4837 2766
4838 3861
4839 3162
4840 2429
4841 3350
4842 3314
4843 2994
4844 3654
4845 3901
4846 3305
4847 3445
4848 3645
4849 2715
4850 3027
4851 3169
4852 3490
4853 3216
4854 2105
4855 3753
4856 2545
4857 2782
4858 2865
4859 3418
4860 3223
4861 3363
4862 3429
4863 3441
4864 3551
4865 3847
4866 3090
4867 3301
4868 2565
4869 3180
4870 3303
4871 3194
4872 2722
4873 3427
4874 3338
4875 2672
4876 2889
4877 3301
4878 2583
4879 2912
4880 3201
4881 2855
4882 3340
4883 3214
4884 3496
4885 2740
4886 3327
4887 3176
4888 3248
4889 2995
4890 2947
4891 2541
4892 4800
4893 3628
4894 2577
4895 3137
4896 2003
4897 3278
4898 3105
4899 3007
4900 2893
4901 2817
4902 4400
4903 3207
4904 3038
4905 2740
4906 3551
4907 3506
4908 2770
4909 3279
4910 3075
4911 3313
4912 3600
4913 3084
4914 3525
4915 2988
4916 2705
4917 3606
4918 3037
4919 3402
4920 2936
4921 2784
4922 2769
4923 3471
4924 2775
4925 2774
4926 3932
4927 3131
4928 3546
4929 3302
4930 3502
4931 3220
4932 3406
4933 2802
4934 3621
4935 2887
4936 2714
4937 3253
4938 3655
4939 3296
4940 3207
4941 4007
4942 3308
4943 2673
4944 3002
4945 3679
4946 3345
4947 3238
4948 2898
4949 3004
4950 2754
4951 3061
4952 2670
4953 3452
4954 2617
4955 3188
4956 3499
4957 4351
4958 3338
4959 3493
4960 4049
4961 3697
4962 3200
4963 3044
4964 2829
4965 3217
4966 3052
4967 3085
4968 2524
4969 3227
4970 2951
4971 3371
4972 3161
4973 2949
4974 3608
4975 2742
4976 3692
4977 3322
4978 3066
4979 3784
4980 3622
4981 3262
4982 3013
4983 2451
4984 3925
4985 3402
4986 3407
4987 3383
4988 3522
4989 3772
4990 3629
4991 3068
4992 3195
4993 2782
4994 3318
4995 2895
4996 3360
4997 3573
4998 3478
4999 2691
